index,logits
48,"[0.3980748653411865, 0.9957805871963501, 0.0034831694792956114, 0.010712944902479649]"
226,"[0.9888689517974854, 0.9185469746589661, 0.007093089632689953, 0.0050766547210514545]"
386,"[0.9946497082710266, 0.042752500623464584, 0.020810352638363838, 0.00939207524061203]"
462,"[0.9957751631736755, 0.026912396773695946, 0.009741543792188168, 0.04079865291714668]"
37,"[0.036739323288202286, 0.9953548908233643, 0.011777049861848354, 0.011606608517467976]"
66,"[0.03423820063471794, 0.9952471852302551, 0.011684058234095573, 0.012390639632940292]"
420,"[0.9952260255813599, 0.06482852250337601, 0.016934596002101898, 0.008731366135179996]"
260,"[0.04194677993655205, 0.029758628457784653, 0.015034337528049946, 0.9957285523414612]"
211,"[0.9954946041107178, 0.38709375262260437, 0.01037586573511362, 0.0051318807527422905]"
241,"[0.9961495399475098, 0.032245516777038574, 0.00901707075536251, 0.040076397359371185]"
208,"[0.894216001033783, 0.9909161925315857, 0.0023023325484246016, 0.015456636436283588]"
33,"[0.027116453275084496, 0.9954701662063599, 0.0142116853967309, 0.013519423082470894]"
42,"[0.03436308726668358, 0.9953008890151978, 0.012137291952967644, 0.01200295053422451]"
58,"[0.7717745304107666, 0.9938234090805054, 0.003591240383684635, 0.008134940639138222]"
63,"[0.04377260059118271, 0.9956400394439697, 0.0094982348382473, 0.01319908257573843]"
97,"[0.9959198236465454, 0.3292526602745056, 0.005914788227528334, 0.009529616683721542]"
504,"[0.012237569317221642, 0.023845486342906952, 0.9967496395111084, 0.017137855291366577]"
136,"[0.01519891805946827, 0.05807104706764221, 0.01994532160460949, 0.9943742752075195]"
305,"[0.013723783195018768, 0.07010374218225479, 0.02041809819638729, 0.9946857690811157]"
242,"[0.9949963092803955, 0.059873707592487335, 0.012239205650985241, 0.012029290199279785]"
280,"[0.02183043584227562, 0.04028811305761337, 0.018913479521870613, 0.9949423670768738]"
107,"[0.993915855884552, 0.029041625559329987, 0.024241052567958832, 0.011262701824307442]"
104,"[0.9940485954284668, 0.031235698610544205, 0.023646458983421326, 0.010792428627610207]"
158,"[0.034421149641275406, 0.9954438209533691, 0.011306880041956902, 0.013402151875197887]"
112,"[0.988667905330658, 0.927612841129303, 0.005150965880602598, 0.006065468303859234]"
199,"[0.04653008282184601, 0.995961606502533, 0.007623114623129368, 0.017397994175553322]"
253,"[0.03667965158820152, 0.032519590109586716, 0.016295146197080612, 0.9957706332206726]"
175,"[0.9956865906715393, 0.1271454095840454, 0.009508100338280201, 0.009428760036826134]"
152,"[0.04450037702918053, 0.9956914782524109, 0.010506273247301579, 0.011842329055070877]"
69,"[0.23346513509750366, 0.017772523686289787, 0.008846021257340908, 0.997189462184906]"
413,"[0.03028453141450882, 0.9952265024185181, 0.012522164732217789, 0.012846066616475582]"
245,"[0.9951367974281311, 0.11995035409927368, 0.010240396484732628, 0.00795410480350256]"
223,"[0.03973740339279175, 0.9955294728279114, 0.0108641367405653, 0.012142335996031761]"
43,"[0.03237856552004814, 0.995194137096405, 0.01172806415706873, 0.012795084156095982]"
311,"[0.015284974128007889, 0.06254526227712631, 0.01846892386674881, 0.9945277571678162]"
8,"[0.426255464553833, 0.01118790078908205, 0.9945834279060364, 0.0034582940861582756]"
191,"[0.0053300815634429455, 0.26454266905784607, 0.9965614676475525, 0.006530803628265858]"
145,"[0.023208601400256157, 0.035250142216682434, 0.02044878900051117, 0.994929850101471]"
322,"[0.017363978549838066, 0.04574760049581528, 0.023259125649929047, 0.9945275187492371]"
367,"[0.001457913895137608, 0.3480224013328552, 0.9874376654624939, 0.03920140117406845]"
387,"[0.02624913863837719, 0.037790220230817795, 0.017806774005293846, 0.9954397678375244]"
86,"[0.02619718387722969, 0.8498020172119141, 0.0025244157295674086, 0.9882792234420776]"
313,"[0.04435194656252861, 0.031146198511123657, 0.014699461869895458, 0.996349573135376]"
154,"[0.036152567714452744, 0.9953430891036987, 0.012252632528543472, 0.01125640980899334]"
443,"[0.01200679037719965, 0.38616544008255005, 0.996600329875946, 0.0025180012453347445]"
10,"[0.008621948771178722, 0.9922153353691101, 0.4310084879398346, 0.004303701221942902]"
89,"[0.994523286819458, 0.04460040107369423, 0.017366638407111168, 0.010268650949001312]"
201,"[0.049143631011247635, 0.9958885312080383, 0.009513530880212784, 0.012516982853412628]"
474,"[0.04643145203590393, 0.013657997362315655, 0.9971230626106262, 0.009771697223186493]"
122,"[0.015230267308652401, 0.061078235507011414, 0.019552486017346382, 0.9948016405105591]"
380,"[0.012226887047290802, 0.07205451279878616, 0.02049088664352894, 0.9940488338470459]"
55,"[0.05942327529191971, 0.9960933327674866, 0.0061361463740468025, 0.018884319812059402]"
298,"[0.03004305623471737, 0.9953771829605103, 0.011928541585803032, 0.014338458888232708]"
148,"[0.022435756400227547, 0.036443885415792465, 0.021222475916147232, 0.9948402047157288]"
170,"[0.0487876832485199, 0.9956919550895691, 0.010040114633738995, 0.011371209286153316]"
227,"[0.03010900318622589, 0.9956166744232178, 0.015903793275356293, 0.011306192725896835]"
174,"[0.9849631190299988, 0.9573009610176086, 0.0031060315668582916, 0.011299814097583294]"
463,"[0.9915353059768677, 0.01976880617439747, 0.005874334368854761, 0.781503438949585]"
486,"[0.014099767431616783, 0.027198530733585358, 0.9970786571502686, 0.013374634087085724]"
411,"[0.028193630278110504, 0.9956012964248657, 0.005081172101199627, 0.05611369013786316]"
90,"[0.9950199127197266, 0.5833780169487, 0.006199497263878584, 0.00589364068582654]"
368,"[0.026536930352449417, 0.9954197406768799, 0.011747456155717373, 0.016790464520454407]"
205,"[0.0707697793841362, 0.9958180785179138, 0.008194146677851677, 0.010532415471971035]"
64,"[0.200584277510643, 0.9963228702545166, 0.004172082524746656, 0.013769621029496193]"
450,"[0.025460025295615196, 0.9956616759300232, 0.02008647657930851, 0.012001750990748405]"
410,"[0.9784059524536133, 0.016487495973706245, 0.0038498316425830126, 0.9835475087165833]"
32,"[0.03172484040260315, 0.9952325224876404, 0.012749850749969482, 0.01212236750870943]"
80,"[0.9929264187812805, 0.8601309061050415, 0.002156732138246298, 0.02748165652155876]"
12,"[0.017838500440120697, 0.05831523239612579, 0.018072744831442833, 0.9952333569526672]"
169,"[0.040859904140233994, 0.9955843091011047, 0.009929412975907326, 0.0131769347935915]"
469,"[0.34854575991630554, 0.3308528661727905, 0.005295561160892248, 0.9739788174629211]"
295,"[0.9955883026123047, 0.6594855785369873, 0.0021340877283364534, 0.031324923038482666]"
240,"[0.9948811531066895, 0.05755436047911644, 0.012924699112772942, 0.012998459860682487]"
425,"[0.04025192931294441, 0.9955174326896667, 0.011838787235319614, 0.011002372950315475]"
479,"[0.010883154347538948, 0.025158770382404327, 0.9966503977775574, 0.018483027815818787]"
418,"[0.08885663747787476, 0.9961451292037964, 0.012182381935417652, 0.006971357390284538]"
127,"[0.015564915724098682, 0.06539478898048401, 0.018862338736653328, 0.9949892163276672]"
366,"[0.021228786557912827, 0.036964576691389084, 0.0363154374063015, 0.9935935139656067]"
235,"[0.99578458070755, 0.5839272141456604, 0.003272570203989744, 0.020050443708896637]"
15,"[0.01519099622964859, 0.055460646748542786, 0.02199636399745941, 0.99458909034729]"
409,"[0.9955854415893555, 0.08222132176160812, 0.013925662264227867, 0.009131321683526039]"
323,"[0.013111790642142296, 0.06450865417718887, 0.021650876849889755, 0.9942565560340881]"
171,"[0.0890720933675766, 0.9963997602462769, 0.006253940984606743, 0.014827677980065346]"
466,"[0.036755722016096115, 0.03036750853061676, 0.018079394474625587, 0.995782732963562]"
299,"[0.013603964820504189, 0.06412966549396515, 0.02104516513645649, 0.9943313598632812]"
293,"[0.010212707333266735, 0.027489084750413895, 0.9966666102409363, 0.018319830298423767]"
39,"[0.033934641629457474, 0.9953239560127258, 0.011745641008019447, 0.012566262856125832]"
457,"[0.9944065809249878, 0.036583852022886276, 0.0415995754301548, 0.009132171049714088]"
475,"[0.012281990610063076, 0.023515358567237854, 0.9966878294944763, 0.017345307394862175]"
163,"[0.9805653095245361, 0.9693850874900818, 0.004514082334935665, 0.00796534400433302]"
279,"[0.9866613745689392, 0.01465984433889389, 0.003749789437279105, 0.9576470255851746]"
360,"[0.6756472587585449, 0.014761317521333694, 0.0061676823534071445, 0.9967628717422485]"
371,"[0.4091435372829437, 0.8895979523658752, 0.0010628069285303354, 0.9744138717651367]"
118,"[0.01397086214274168, 0.0715436264872551, 0.019462306052446365, 0.994440495967865]"
331,"[0.14344315230846405, 0.9964221715927124, 0.01038552075624466, 0.006747263949364424]"
212,"[0.2290179282426834, 0.9965183734893799, 0.004691366571933031, 0.012628532946109772]"
133,"[0.015710270032286644, 0.05043791979551315, 0.021247489377856255, 0.994362473487854]"
82,"[0.9875652194023132, 0.8991250395774841, 0.0019034204306080937, 0.061170633882284164]"
6,"[0.03908531367778778, 0.025930095463991165, 0.017827710136771202, 0.9954245686531067]"
396,"[0.9952111840248108, 0.49319547414779663, 0.006985291838645935, 0.006485878489911556]"
467,"[0.03350706398487091, 0.01429783832281828, 0.9970762729644775, 0.014033556915819645]"
417,"[0.01629685051739216, 0.910686731338501, 0.024476120248436928, 0.7962960600852966]"
374,"[0.0327107310295105, 0.05082010105252266, 0.013192586600780487, 0.9962292313575745]"
381,"[0.05442998185753822, 0.08354295790195465, 0.006774029694497585, 0.9969545602798462]"
248,"[0.9951722025871277, 0.02453988790512085, 0.010396876372396946, 0.03636399656534195]"
17,"[0.017191622406244278, 0.051488373428583145, 0.020646095275878906, 0.9945967197418213]"
62,"[0.7299561500549316, 0.9860820770263672, 0.0009950280655175447, 0.4412388503551483]"
216,"[0.9908455014228821, 0.9074011445045471, 0.005406104493886232, 0.006143147591501474]"
458,"[0.9574365615844727, 0.9833540320396423, 0.0040564932860434055, 0.0072745345532894135]"
61,"[0.031722139567136765, 0.9953368306159973, 0.012198751792311668, 0.01297012995928526]"
192,"[0.030885672196745872, 0.9952428936958313, 0.012363512068986893, 0.012858922593295574]"
197,"[0.9947090148925781, 0.6571459770202637, 0.007726247422397137, 0.004959507845342159]"
379,"[0.01334869023412466, 0.06736118346452713, 0.020554088056087494, 0.9944595098495483]"
300,"[0.017761455848813057, 0.045473840087652206, 0.02053006924688816, 0.9944860339164734]"
465,"[0.9954065084457397, 0.08203891664743423, 0.012872622348368168, 0.008972695097327232]"
296,"[0.9707128405570984, 0.029972536489367485, 0.002369559369981289, 0.9843198657035828]"
217,"[0.9665489792823792, 0.9758181571960449, 0.007115480490028858, 0.005286697298288345]"
74,"[0.19850538671016693, 0.9955371618270874, 0.0014392067678272724, 0.14160223305225372]"
203,"[0.9945850968360901, 0.043585628271102905, 0.03053153119981289, 0.008328879252076149]"
117,"[0.030622217804193497, 0.03997698798775673, 0.015335970558226109, 0.9959008097648621]"
325,"[0.9840165376663208, 0.9611327648162842, 0.0019206996075809002, 0.024855269119143486]"
395,"[0.09275885671377182, 0.9963234663009644, 0.003342122072353959, 0.03372977674007416]"
24,"[0.01126771979033947, 0.17429713904857635, 0.013080187141895294, 0.994799017906189]"
168,"[0.03490915894508362, 0.9953910112380981, 0.010955872014164925, 0.013377818278968334]"
461,"[0.0305948406457901, 0.9956846237182617, 0.0148927578702569, 0.01224464364349842]"
290,"[0.9956833124160767, 0.020241882652044296, 0.012449652887880802, 0.18139895796775818]"
273,"[0.021170614287257195, 0.03900843858718872, 0.021379156038165092, 0.9948142766952515]"
135,"[0.013119462877511978, 0.06853330135345459, 0.020115358754992485, 0.9942907094955444]"
256,"[0.2573768198490143, 0.004279232583940029, 0.9927334785461426, 0.017250899225473404]"
328,"[0.02447163313627243, 0.06844628602266312, 0.015667075291275978, 0.9963575005531311]"
219,"[0.9949888586997986, 0.02461715042591095, 0.01769092306494713, 0.025348924100399017]"
176,"[0.03304831311106682, 0.9953516721725464, 0.012213452719151974, 0.01249791868031025]"
344,"[0.9948646426200867, 0.0536525622010231, 0.017764007672667503, 0.00885431095957756]"
382,"[0.08239230513572693, 0.020974528044462204, 0.013900358229875565, 0.9966565370559692]"
151,"[0.03380335494875908, 0.9951606392860413, 0.011268990114331245, 0.012748848646879196]"
92,"[0.00521093001589179, 0.21525584161281586, 0.9965150356292725, 0.007365613244473934]"
1,"[0.011212495155632496, 0.023925472050905228, 0.9966182112693787, 0.018892066553235054]"
451,"[0.9935452938079834, 0.7707730531692505, 0.0073956637643277645, 0.005451073404401541]"
54,"[0.028656041249632835, 0.9954807758331299, 0.01374833844602108, 0.013092374429106712]"
426,"[0.9832973480224609, 0.9619778990745544, 0.004188376944512129, 0.008261882700026035]"
3,"[0.011628641746938229, 0.024588922038674355, 0.9967978596687317, 0.01785055361688137]"
362,"[0.009809928014874458, 0.02790876291692257, 0.9967165589332581, 0.019260749220848083]"
388,"[0.0653451457619667, 0.9615975618362427, 0.0048883832059800625, 0.8003851771354675]"
126,"[0.014053277671337128, 0.059456389397382736, 0.021014604717493057, 0.9943811297416687]"
271,"[0.9929003715515137, 0.6326751112937927, 0.028196610510349274, 0.0021704051177948713]"
87,"[0.9957672357559204, 0.026757527142763138, 0.007532155141234398, 0.05535154417157173]"
213,"[0.29318881034851074, 0.9963613152503967, 0.0050331465899944305, 0.013671757653355598]"
36,"[0.9944566488265991, 0.03557513281702995, 0.021431950852274895, 0.011090914718806744]"
49,"[0.027280747890472412, 0.9954131245613098, 0.016088390722870827, 0.011863182298839092]"
239,"[0.03477220609784126, 0.9954074025154114, 0.010552405379712582, 0.014045000076293945]"
383,"[0.9724553823471069, 0.9732710719108582, 0.002009992953389883, 0.04322896525263786]"
9,"[0.9852451682090759, 0.014095809310674667, 0.39910030364990234, 0.004369273316115141]"
29,"[0.03285937011241913, 0.9951359629631042, 0.011605176143348217, 0.012586821801960468]"
22,"[0.0133746899664402, 0.06352709233760834, 0.02186647802591324, 0.994292140007019]"
494,"[0.0284125879406929, 0.01833895407617092, 0.9972224235534668, 0.010851995088160038]"
103,"[0.9959259033203125, 0.302671879529953, 0.006947696208953857, 0.00806392077356577]"
161,"[0.04131198301911354, 0.995795726776123, 0.009616080671548843, 0.014486304484307766]"
472,"[0.016269728541374207, 0.022023987025022507, 0.9969800114631653, 0.014485427178442478]"
333,"[0.19959142804145813, 0.9883022904396057, 0.0008581001893617213, 0.6880016922950745]"
18,"[0.014612004160881042, 0.062016811221838, 0.020200669765472412, 0.9946444034576416]"
121,"[0.014293994754552841, 0.06204560771584511, 0.020470047369599342, 0.9944878220558167]"
496,"[0.010013429448008537, 0.032209862023591995, 0.99693763256073, 0.016007771715521812]"
4,"[0.005763158202171326, 0.5053609013557434, 0.9929555654525757, 0.006005806848406792]"
269,"[0.25289323925971985, 0.017076576128602028, 0.008800162933766842, 0.997247040271759]"
265,"[0.030790040269494057, 0.00600448390468955, 0.9942025542259216, 0.06153670698404312]"
439,"[0.10347796231508255, 0.996301531791687, 0.010041015222668648, 0.0078591862693429]"
259,"[0.025897735729813576, 0.623156726360321, 0.003112805774435401, 0.9936987161636353]"
77,"[0.30681246519088745, 0.02024504728615284, 0.0063261729665100574, 0.9971160888671875]"
347,"[0.03687845170497894, 0.9958896040916443, 0.007775729987770319, 0.022083740681409836]"
314,"[0.8014538288116455, 0.018714848905801773, 0.004732360597699881, 0.9965360164642334]"
132,"[0.0149694150313735, 0.06309819966554642, 0.01912856660783291, 0.9945401549339294]"
159,"[0.034870605915784836, 0.9953579306602478, 0.010956233367323875, 0.013205301016569138]"
172,"[0.31989726424217224, 0.9964189529418945, 0.0031782297883182764, 0.029118042439222336]"
401,"[0.027582494542002678, 0.9949945211410522, 0.007709142751991749, 0.1285492330789566]"
59,"[0.9950087070465088, 0.6112023591995239, 0.005839675664901733, 0.006239366717636585]"
251,"[0.015260575339198112, 0.05413854494690895, 0.0202932246029377, 0.9941734671592712]"
187,"[0.03272589296102524, 0.9952450394630432, 0.010414734482765198, 0.014610684476792812]"
500,"[0.007680833805352449, 0.42439746856689453, 0.9960250854492188, 0.0035420472268015146]"
327,"[0.07627799361944199, 0.028392035514116287, 0.01189616322517395, 0.9970963001251221]"
134,"[0.4568181335926056, 0.02089710906147957, 0.005640921648591757, 0.9975011944770813]"
421,"[0.04977918788790703, 0.9959520101547241, 0.010199210606515408, 0.01196043286472559]"
431,"[0.032663263380527496, 0.9954513907432556, 0.01113892812281847, 0.014185869134962559]"
156,"[0.035504989326000214, 0.9952593445777893, 0.012304198928177357, 0.011513779871165752]"
76,"[0.995191216468811, 0.5226064920425415, 0.006546883378177881, 0.006426294334232807]"
502,"[0.18213911354541779, 0.9949550032615662, 0.17611390352249146, 0.0014417821075767279]"
178,"[0.03385355323553085, 0.9952595829963684, 0.012334397993981838, 0.011871342547237873]"
110,"[0.9946739673614502, 0.02635985054075718, 0.016107339411973953, 0.021551793441176414]"
444,"[0.0747910737991333, 0.996161937713623, 0.007469020318239927, 0.012576153501868248]"
56,"[0.15918982028961182, 0.9962558746337891, 0.005594552028924227, 0.010350220836699009]"
243,"[0.9958177208900452, 0.29616355895996094, 0.005777246318757534, 0.0090487627312541]"
153,"[0.03254322335124016, 0.9953704476356506, 0.011665329337120056, 0.013255943544209003]"
202,"[0.03692316263914108, 0.9953039884567261, 0.01168542355298996, 0.011707785539329052]"
99,"[0.9941701889038086, 0.028274331241846085, 0.021515293046832085, 0.012677148915827274]"
433,"[0.9940695762634277, 0.4534718990325928, 0.012849350459873676, 0.01150819193571806]"
125,"[0.03169111907482147, 0.9952280521392822, 0.009624889120459557, 0.01651286706328392]"
284,"[0.9947466254234314, 0.05131751298904419, 0.02489703707396984, 0.007314267102628946]"
88,"[0.032205089926719666, 0.9959536790847778, 0.02925710938870907, 0.007501643616706133]"
361,"[0.00967127550393343, 0.02928188256919384, 0.9967339038848877, 0.01836000196635723]"
30,"[0.03524577617645264, 0.9951435327529907, 0.011734935455024242, 0.011826186440885067]"
44,"[0.10145042091608047, 0.9960766434669495, 0.004465775564312935, 0.017413636669516563]"
375,"[0.013459553942084312, 0.059848856180906296, 0.023600870743393898, 0.9942672848701477]"
140,"[0.014249995350837708, 0.06479332596063614, 0.019577598199248314, 0.994333028793335]"
432,"[0.02515166811645031, 0.9955745935440063, 0.017498256638646126, 0.012527023442089558]"
301,"[0.020188940688967705, 0.04266728460788727, 0.019885564222931862, 0.9948311448097229]"
274,"[0.9934926629066467, 0.013060067780315876, 0.006120576523244381, 0.8235843777656555]"
182,"[0.0923037976026535, 0.9959035515785217, 0.007051070686429739, 0.010504974983632565]"
498,"[0.012041997164487839, 0.02358274720609188, 0.996782660484314, 0.01796368695795536]"
108,"[0.9947612881660461, 0.0408051498234272, 0.015512602403759956, 0.013033137656748295]"
231,"[0.9945677518844604, 0.02968708798289299, 0.0188175980001688, 0.014790687710046768]"
13,"[0.014147073961794376, 0.061467740684747696, 0.020488807931542397, 0.9943572878837585]"
285,"[0.9953495860099792, 0.059299882501363754, 0.0154480691999197, 0.012479070574045181]"
188,"[0.033451516181230545, 0.9953098893165588, 0.011103694327175617, 0.013449516147375107]"
78,"[0.9900188446044922, 0.16247841715812683, 0.0010910466080531478, 0.8548547029495239]"
447,"[0.9949296712875366, 0.7290024161338806, 0.005644458346068859, 0.008628007024526596]"
423,"[0.03465647995471954, 0.9952461123466492, 0.011406540870666504, 0.012444606050848961]"
373,"[0.01699315384030342, 0.9950785636901855, 0.006082688458263874, 0.12155994772911072]"
415,"[0.03084763139486313, 0.9955079555511475, 0.013219300657510757, 0.012823652476072311]"
96,"[0.9948763251304626, 0.04091394692659378, 0.01615169085562229, 0.013132167048752308]"
262,"[0.026768691837787628, 0.9958581328392029, 0.018883639946579933, 0.011868344619870186]"
200,"[0.04229501262307167, 0.9956834316253662, 0.008897081017494202, 0.014888260513544083]"
83,"[0.7434083819389343, 0.9932477474212646, 0.0012883695308119059, 0.08730709552764893]"
57,"[0.3720818758010864, 0.9960668683052063, 0.004094798117876053, 0.01020191702991724]"
303,"[0.04374856874346733, 0.9881121516227722, 0.0017932694172486663, 0.7316676378250122]"
495,"[0.0077824764885008335, 0.06642511487007141, 0.9970356225967407, 0.011606290936470032]"
230,"[0.9925872683525085, 0.0339675135910511, 0.13834130764007568, 0.0048006377182900906]"
254,"[0.03431814908981323, 0.0456697903573513, 0.014280819334089756, 0.996304988861084]"
286,"[0.9943752288818359, 0.02830049768090248, 0.03879829868674278, 0.011415738612413406]"
198,"[0.030953217297792435, 0.9954677820205688, 0.012459523975849152, 0.013439509086310863]"
113,"[0.9957559704780579, 0.3536838889122009, 0.004338532220572233, 0.012026151642203331]"
52,"[0.032420359551906586, 0.995262622833252, 0.012520365417003632, 0.012343212962150574]"
377,"[0.01613960973918438, 0.5174499154090881, 0.016273101791739464, 0.9776760339736938]"
222,"[0.9782101511955261, 0.9726563096046448, 0.003609481966122985, 0.011524119414389133]"
252,"[0.01982940174639225, 0.05542280152440071, 0.01692257449030876, 0.9952966570854187]"
481,"[0.011072233319282532, 0.024725640192627907, 0.9966257810592651, 0.018215708434581757]"
385,"[0.995749831199646, 0.382985919713974, 0.007827172055840492, 0.006615678314119577]"
65,"[0.003728916635736823, 0.9463551044464111, 0.951695442199707, 0.004448069259524345]"
221,"[0.2432718276977539, 0.011787153780460358, 0.9926090836524963, 0.009727873839437962]"
473,"[0.028601929545402527, 0.9954953193664551, 0.014139479957520962, 0.012874535284936428]"
441,"[0.994853675365448, 0.04904233664274216, 0.01454231608659029, 0.011180107481777668]"
330,"[0.030004091560840607, 0.038926225155591965, 0.016382934525609016, 0.9957417249679565]"
332,"[0.0269054863601923, 0.9880028963088989, 0.0020367922261357307, 0.7637816667556763]"
123,"[0.013087939471006393, 0.08056159317493439, 0.01969953253865242, 0.9946557283401489]"
492,"[0.013688639737665653, 0.022726841270923615, 0.9968247413635254, 0.016209470108151436]"
408,"[0.996183454990387, 0.019764455035328865, 0.004742687568068504, 0.32000064849853516]"
193,"[0.011852763593196869, 0.9951064586639404, 0.10378700494766235, 0.007818784564733505]"
167,"[0.9463101625442505, 0.9866023063659668, 0.003251944202929735, 0.012327062897384167]"
435,"[0.030466679483652115, 0.9951609969139099, 0.011155247688293457, 0.014196188189089298]"
225,"[0.06027916073799133, 0.047275640070438385, 0.9974440336227417, 0.0029789996333420277]"
173,"[0.03555786982178688, 0.9955136179924011, 0.012928873300552368, 0.011343116872012615]"
268,"[0.009869081899523735, 0.06189749389886856, 0.9971557855606079, 0.011053869500756264]"
34,"[0.02655019424855709, 0.9954467415809631, 0.01444804947823286, 0.013515671715140343]"
405,"[0.020426398143172264, 0.039800383150577545, 0.020700881257653236, 0.9945166707038879]"
446,"[0.9951026439666748, 0.600091814994812, 0.007694350555539131, 0.005376110784709454]"
101,"[0.99468994140625, 0.045788176357746124, 0.016518305987119675, 0.011121069081127644]"
365,"[0.006498254835605621, 0.9941303133964539, 0.0297214575111866, 0.1198316439986229]"
189,"[0.04921356961131096, 0.9960359930992126, 0.012384584173560143, 0.010160268284380436]"
238,"[0.9944977164268494, 0.04288080334663391, 0.016051454469561577, 0.011064681224524975]"
414,"[0.0033665564842522144, 0.9444672465324402, 0.9526451230049133, 0.004624657798558474]"
2,"[0.004922227934002876, 0.11403355002403259, 0.9965533018112183, 0.012682474218308926]"
143,"[0.01439581997692585, 0.06117771565914154, 0.019630886614322662, 0.9943482279777527]"
394,"[0.9960963129997253, 0.03466236963868141, 0.006713793147355318, 0.05451279878616333]"
335,"[0.9570732116699219, 0.026127364486455917, 0.003166580805554986, 0.9924973249435425]"
218,"[0.9942454695701599, 0.024952517822384834, 0.027927959337830544, 0.012206051498651505]"
111,"[0.5986101627349854, 0.9948403239250183, 0.01626049540936947, 0.0031312184873968363]"
120,"[0.03517897054553032, 0.9952815175056458, 0.009305483661592007, 0.015847934409976006]"
51,"[0.038320399820804596, 0.9959654808044434, 0.012996350415050983, 0.011851919814944267]"
318,"[0.01361730694770813, 0.06643587350845337, 0.021539553999900818, 0.9945979118347168]"
283,"[0.008580437861382961, 0.03454265370965004, 0.9967620372772217, 0.018392814323306084]"
334,"[0.06880705058574677, 0.9907019138336182, 0.0015683247474953532, 0.6698253154754639]"
164,"[0.9709020256996155, 0.9774927496910095, 0.0034935190342366695, 0.00925972405821085]"
31,"[0.017095258459448814, 0.9957059025764465, 0.05349787324666977, 0.008807037025690079]"
485,"[0.9954283237457275, 0.03511406481266022, 0.01592300646007061, 0.01943400502204895]"
384,"[0.9879342317581177, 0.939770519733429, 0.0043043820187449455, 0.007255234755575657]"
452,"[0.03533775359392166, 0.9955815672874451, 0.008389425463974476, 0.018997710198163986]"
336,"[0.996039867401123, 0.3439784049987793, 0.004708240274339914, 0.011647454462945461]"
236,"[0.04223718121647835, 0.995466947555542, 0.00943042617291212, 0.013032014481723309]"
349,"[0.03900366649031639, 0.9961544871330261, 0.008308200165629387, 0.0210883691906929]"
391,"[0.9958077669143677, 0.3208979666233063, 0.007072650361806154, 0.007390796206891537]"
338,"[0.0443892776966095, 0.9957193732261658, 0.0076796673238277435, 0.01694680191576481]"
180,"[0.03302263841032982, 0.9952462315559387, 0.01264463271945715, 0.01185773964971304]"
392,"[0.9950760006904602, 0.5956472158432007, 0.004752391017973423, 0.007919698022305965]"
149,"[0.01351607870310545, 0.06843120604753494, 0.01960250549018383, 0.994273841381073]"
21,"[0.016247252002358437, 0.051282647997140884, 0.021064257249236107, 0.9944779872894287]"
27,"[0.02915569581091404, 0.995253324508667, 0.013022488914430141, 0.012955908663570881]"
480,"[0.009901686571538448, 0.027076655998826027, 0.9966388940811157, 0.019302042201161385]"
438,"[0.1103358268737793, 0.9959992170333862, 0.00430725421756506, 0.016890935599803925]"
321,"[0.01579529233276844, 0.06179559603333473, 0.021180327981710434, 0.9949079155921936]"
228,"[0.9955756664276123, 0.262516587972641, 0.002662781160324812, 0.11588485538959503]"
482,"[0.9893543720245361, 0.8861826658248901, 0.011347095482051373, 0.003353797597810626]"
214,"[0.9938137531280518, 0.024421067908406258, 0.07644344121217728, 0.008035380393266678]"
497,"[0.011905673891305923, 0.030223829671740532, 0.9970422387123108, 0.014132031239569187]"
19,"[0.012405562214553356, 0.07490362226963043, 0.021513892337679863, 0.9941357374191284]"
162,"[0.14926548302173615, 0.9960285425186157, 0.007217430509626865, 0.04328380525112152]"
14,"[0.017369462177157402, 0.38215506076812744, 0.006154721602797508, 0.9954584836959839]"
477,"[0.012361940927803516, 0.024063847959041595, 0.9968034029006958, 0.017019761726260185]"
79,"[0.9955713152885437, 0.025122245773673058, 0.003983626142144203, 0.18657496571540833]"
237,"[0.24333436787128448, 0.996040940284729, 0.0038589194882661104, 0.012035759165883064]"
263,"[0.006917930208146572, 0.9904916882514954, 0.5281375050544739, 0.004201882518827915]"
339,"[0.028854772448539734, 0.9955416321754456, 0.007232746109366417, 0.029678480699658394]"
437,"[0.03667690232396126, 0.9957678318023682, 0.018571078777313232, 0.008537938818335533]"
456,"[0.9236662983894348, 0.012978946790099144, 0.004637338221073151, 0.9893115162849426]"
356,"[0.0250900499522686, 0.9960390329360962, 0.008273855783045292, 0.03822491317987442]"
146,"[0.013503191992640495, 0.06651429086923599, 0.019780980423092842, 0.9943172335624695]"
445,"[0.008132112212479115, 0.1659499555826187, 0.9971520900726318, 0.005926544778048992]"
427,"[0.09280053526163101, 0.9386576414108276, 0.0011843086685985327, 0.9687007069587708]"
25,"[0.014305689372122288, 0.17627130448818207, 0.011313283815979958, 0.9955441355705261]"
416,"[0.9959685802459717, 0.1862112134695053, 0.010303836315870285, 0.007804973050951958]"
310,"[0.018036700785160065, 0.05392357334494591, 0.018416235223412514, 0.9949737787246704]"
144,"[0.013211259618401527, 0.06624159961938858, 0.020622704178094864, 0.9941907525062561]"
400,"[0.014176669530570507, 0.9958523511886597, 0.041569940745830536, 0.015267019160091877]"
98,"[0.995551347732544, 0.029359856620430946, 0.007762364577502012, 0.05586807802319527]"
190,"[0.02567948028445244, 0.9957823753356934, 0.02652040310204029, 0.00926349125802517]"
267,"[0.9722990393638611, 0.022322911769151688, 0.07140351831912994, 0.17521165311336517]"
255,"[0.03177667036652565, 0.9959465861320496, 0.005164643283933401, 0.05659301578998566]"
398,"[0.994925856590271, 0.034627266228199005, 0.021206391975283623, 0.013103524222970009]"
393,"[0.9960491061210632, 0.03521563112735748, 0.002617867663502693, 0.39049002528190613]"
95,"[0.24684759974479675, 0.023138321936130524, 0.006727521773427725, 0.9973188042640686]"
5,"[0.9951487183570862, 0.07438568025827408, 0.011230346746742725, 0.01023482158780098]"
106,"[0.9961361289024353, 0.09914108365774155, 0.0038476649206131697, 0.04170501232147217]"
138,"[0.015469593927264214, 0.053085584193468094, 0.02138228341937065, 0.9945411086082458]"
26,"[0.034188151359558105, 0.03131316602230072, 0.018314439803361893, 0.9958242177963257]"
317,"[0.020078733563423157, 0.0461687333881855, 0.021267719566822052, 0.9950020909309387]"
130,"[0.018231725320219994, 0.046160776168107986, 0.020164085552096367, 0.9947509169578552]"
224,"[0.05163337662816048, 0.9957321286201477, 0.00829873327165842, 0.013342663645744324]"
20,"[0.013523202389478683, 0.07217444479465485, 0.01924801804125309, 0.994411051273346]"
28,"[0.01143360324203968, 0.024776825681328773, 0.9966945648193359, 0.017450446262955666]"
468,"[0.012277905829250813, 0.026428712531924248, 0.9968808889389038, 0.01542640570551157]"
429,"[0.031521111726760864, 0.9954462647438049, 0.013183887116611004, 0.012556089088320732]"
165,"[0.658060610294342, 0.9948198199272156, 0.0034627371933311224, 0.009089918807148933]"
181,"[0.03595125302672386, 0.9952612519264221, 0.011451979167759418, 0.011987205594778061]"
376,"[0.5152937769889832, 0.07652372121810913, 0.0022110899444669485, 0.9971981048583984]"
23,"[0.014492889866232872, 0.055325716733932495, 0.022993069142103195, 0.994341254234314]"
442,"[0.030211862176656723, 0.6217061877250671, 0.0035401831846684217, 0.9924036264419556]"
359,"[0.9954833984375, 0.05679500848054886, 0.014616886153817177, 0.011014396324753761]"
345,"[0.9668883085250854, 0.42058759927749634, 0.001646780176088214, 0.8852681517601013]"
160,"[0.009384004399180412, 0.6180539131164551, 0.9936559200286865, 0.003413221798837185]"
489,"[0.9947085380554199, 0.03028150275349617, 0.04915726184844971, 0.010779461823403835]"
204,"[0.9441808462142944, 0.951097846031189, 0.0009862445294857025, 0.4923194944858551]"
434,"[0.03293170407414436, 0.9952530860900879, 0.012073572725057602, 0.012475298717617989]"
109,"[0.9872554540634155, 0.9487178921699524, 0.003587887389585376, 0.00990824680775404]"
291,"[0.012438063509762287, 0.026012282818555832, 0.9966997504234314, 0.015074334107339382]"
341,"[0.17386546730995178, 0.6583408713340759, 0.003030952997505665, 0.9873884320259094]"
206,"[0.0396190844476223, 0.9956971406936646, 0.011340324766933918, 0.01217227429151535]"
276,"[0.010507537052035332, 0.02827044203877449, 0.9966950416564941, 0.017154507339000702]"
60,"[0.050951458513736725, 0.9957584738731384, 0.008949057199060917, 0.012689969502389431]"
503,"[0.011812502518296242, 0.03722986578941345, 0.9973196387290955, 0.013212175108492374]"
177,"[0.034698884934186935, 0.9953802824020386, 0.011822775937616825, 0.012380477972328663]"
91,"[0.0020878470968455076, 0.8259105086326599, 0.9804577231407166, 0.009322489611804485]"
71,"[0.9691233038902283, 0.9702562093734741, 0.001220092992298305, 0.11280395090579987]"
84,"[0.995522141456604, 0.12289301306009293, 0.011611293070018291, 0.007454117760062218]"
266,"[0.015857679769396782, 0.058088771998882294, 0.019287578761577606, 0.9947071671485901]"
326,"[0.9953756332397461, 0.027521705254912376, 0.013689516112208366, 0.02426934614777565]"
389,"[0.9952385425567627, 0.024073433130979538, 0.030641546472907066, 0.0185569915920496]"
128,"[0.030217865481972694, 0.9952090382575989, 0.00683963717892766, 0.02964627742767334]"
229,"[0.7069013714790344, 0.9948023557662964, 0.004418504424393177, 0.007879718206822872]"
448,"[0.9949896931648254, 0.02385115437209606, 0.01797460950911045, 0.025722561404109]"
352,"[0.038572244346141815, 0.9956150054931641, 0.006456444505602121, 0.024169141426682472]"
372,"[0.9968273043632507, 0.12564295530319214, 0.003573716850951314, 0.04354945570230484]"
282,"[0.005466139409691095, 0.9910827875137329, 0.4987565279006958, 0.007048647850751877]"
85,"[0.9949642419815063, 0.053497474640607834, 0.014853800646960735, 0.010262744501233101]"
302,"[0.02012341283261776, 0.04841321334242821, 0.01686871610581875, 0.9947392344474792]"
355,"[0.037590861320495605, 0.9960511326789856, 0.005509417504072189, 0.03853578492999077]"
422,"[0.9942183494567871, 0.028855929151177406, 0.05199604108929634, 0.007441554684191942]"
186,"[0.0328390933573246, 0.9950593709945679, 0.011277483776211739, 0.012753891758620739]"
184,"[0.036364518105983734, 0.9950811862945557, 0.010534213855862617, 0.012679393403232098]"
40,"[0.03447411209344864, 0.9953261613845825, 0.010193643160164356, 0.01469911728054285]"
196,"[0.03383524343371391, 0.9955220222473145, 0.013162897899746895, 0.011819032952189445]"
436,"[0.9953265190124512, 0.06439334154129028, 0.012377702631056309, 0.011063648387789726]"
455,"[0.5509757995605469, 0.5933037400245667, 0.029293743893504143, 0.4817667305469513]"
471,"[0.007970523089170456, 0.04400257021188736, 0.9967162609100342, 0.015253491699695587]"
459,"[0.9187219142913818, 0.984890878200531, 0.0037222832906991243, 0.023112738505005836]"
292,"[0.01010201871395111, 0.033945098519325256, 0.9969423413276672, 0.015211340971291065]"
370,"[0.9911186099052429, 0.014430955983698368, 0.004329357761889696, 0.9469045996665955]"
272,"[0.0075439633801579475, 0.08174552023410797, 0.9970992803573608, 0.009568712674081326]"
309,"[0.020655952394008636, 0.05376158282160759, 0.017299219965934753, 0.9956108927726746]"
307,"[0.9945822358131409, 0.035451143980026245, 0.017201753333210945, 0.012922273017466068]"
244,"[0.9961050748825073, 0.023349899798631668, 0.009779907763004303, 0.062224991619586945]"
403,"[0.9953081011772156, 0.12423986196517944, 0.01894373632967472, 0.005212355870753527]"
232,"[0.9938200116157532, 0.024064749479293823, 0.07133529335260391, 0.008911358192563057]"
464,"[0.4509304165840149, 0.014084947295486927, 0.010538236238062382, 0.9948752522468567]"
261,"[0.0017759324982762337, 0.9057931900024414, 0.9485296010971069, 0.02002064883708954]"
342,"[0.9949756860733032, 0.058285970240831375, 0.02229316346347332, 0.00748656690120697]"
275,"[0.26517775654792786, 0.010248505510389805, 0.9941457509994507, 0.004248486366122961]"
250,"[0.033450059592723846, 0.9956873059272766, 0.0056660836562514305, 0.0361056849360466]"
105,"[0.9946814179420471, 0.048065755516290665, 0.01711709052324295, 0.010450262576341629]"
70,"[0.9724789261817932, 0.9779727458953857, 0.0030974873807281256, 0.011580725200474262]"
358,"[0.9888550639152527, 0.020511841401457787, 0.0034982983488589525, 0.9600785970687866]"
343,"[0.1631907820701599, 0.9960805773735046, 0.006318410858511925, 0.00853648129850626]"
257,"[0.367561399936676, 0.9960363507270813, 0.004537768196314573, 0.008826067671179771]"
419,"[0.03209296613931656, 0.9956843852996826, 0.016188953071832657, 0.010648487135767937]"
329,"[0.034419648349285126, 0.9957809448242188, 0.007213902194052935, 0.02508738450706005]"
407,"[0.021652286872267723, 0.04390041530132294, 0.018529048189520836, 0.9952154159545898]"
402,"[0.11041226238012314, 0.9959028363227844, 0.005901281256228685, 0.01108783483505249]"
247,"[0.2540246248245239, 0.9961985945701599, 0.003769517410546541, 0.013188471086323261]"
210,"[0.09990081936120987, 0.9961585402488708, 0.006511638406664133, 0.011564536020159721]"
38,"[0.04057256877422333, 0.9955233335494995, 0.010274628177285194, 0.012637633830308914]"
449,"[0.9009761810302734, 0.014631631784141064, 0.0045565092004835606, 0.9945218563079834]"
306,"[0.0337831936776638, 0.9952232241630554, 0.010351026430726051, 0.014078987762331963]"
114,"[0.9956511855125427, 0.03019123524427414, 0.0032171187922358513, 0.2571989893913269]"
288,"[0.9955974221229553, 0.16141296923160553, 0.010997300036251545, 0.006786340847611427]"
155,"[0.3356660306453705, 0.9958602786064148, 0.00433737738057971, 0.008815291337668896]"
264,"[0.011435635387897491, 0.025736546143889427, 0.9968008995056152, 0.017381470650434494]"
139,"[0.01376008614897728, 0.06562630832195282, 0.01956990547478199, 0.9943206310272217]"
351,"[0.9947546720504761, 0.06935009360313416, 0.05079832673072815, 0.004381860140711069]"
320,"[0.013176909647881985, 0.07034318894147873, 0.020919928327202797, 0.9945613741874695]"
72,"[0.9961528182029724, 0.02399512380361557, 0.003719315631315112, 0.34317487478256226]"
281,"[0.019221166148781776, 0.0188298262655735, 0.9969329833984375, 0.014134666882455349]"
315,"[0.014871121384203434, 0.05751686170697212, 0.023249445483088493, 0.9945650100708008]"
493,"[0.011207214556634426, 0.026257367804646492, 0.996768593788147, 0.017251521348953247]"
209,"[0.04874672740697861, 0.9960708618164062, 0.01093567255884409, 0.011678322218358517]"
131,"[0.045808903872966766, 0.030899669975042343, 0.015237205661833286, 0.9965729713439941]"
46,"[0.031096896156668663, 0.9952241778373718, 0.01116868481040001, 0.01417432352900505]"
294,"[0.9945158362388611, 0.03016948327422142, 0.02981935814023018, 0.0099819116294384]"
141,"[0.013017622753977776, 0.06547953188419342, 0.020728465169668198, 0.9940871000289917]"
430,"[0.07967901229858398, 0.9959753155708313, 0.006556094624102116, 0.01291548740118742]"
115,"[0.02483694814145565, 0.04560701549053192, 0.016102587804198265, 0.9954903721809387]"
428,"[0.9967792630195618, 0.026245348155498505, 0.004093740601092577, 0.30275383591651917]"
234,"[0.9922980666160583, 0.8704127669334412, 0.005357019137591124, 0.006590386852622032]"
7,"[0.8574275970458984, 0.01769973337650299, 0.0047338493168354034, 0.9959314465522766]"
308,"[0.016717201098799706, 0.060700371861457825, 0.020484473556280136, 0.9948101043701172]"
488,"[0.005492622964084148, 0.12816299498081207, 0.9968174695968628, 0.009881889447569847]"
348,"[0.007869498804211617, 0.06918803602457047, 0.9971898198127747, 0.010934042744338512]"
454,"[0.013263205997645855, 0.026941422373056412, 0.9969320297241211, 0.014591694809496403]"
207,"[0.14079353213310242, 0.9962695837020874, 0.005987684708088636, 0.010478955693542957]"
81,"[0.5701562762260437, 0.9953605532646179, 0.001683170790784061, 0.04719416797161102]"
16,"[0.35955217480659485, 0.030538832768797874, 0.005436713807284832, 0.9969643950462341]"
75,"[0.08969727903604507, 0.9962311387062073, 0.006490006577223539, 0.013170035555958748]"
94,"[0.9946262240409851, 0.02767016924917698, 0.014722615480422974, 0.01938113570213318]"
378,"[0.03312820568680763, 0.9918386340141296, 0.002094237832352519, 0.5361489057540894]"
397,"[0.0630098283290863, 0.9962567090988159, 0.005103925243020058, 0.024696340784430504]"
119,"[0.01960114762187004, 0.04713446646928787, 0.018485484644770622, 0.9948824644088745]"
157,"[0.028474798426032066, 0.9954190254211426, 0.012518479488790035, 0.014392350800335407]"
501,"[0.012511725537478924, 0.023511894047260284, 0.9967892169952393, 0.01709398441016674]"
412,"[0.16905343532562256, 0.015435165725648403, 0.011658541858196259, 0.9966797828674316]"
116,"[0.013283845968544483, 0.07268503308296204, 0.018964555114507675, 0.9945025444030762]"
185,"[0.03410756215453148, 0.9952685236930847, 0.011607067659497261, 0.012412271462380886]"
45,"[0.03461875021457672, 0.9952538013458252, 0.012206154875457287, 0.011793171055614948]"
460,"[0.11091819405555725, 0.9961395859718323, 0.005644096992909908, 0.012510371394455433]"
390,"[0.9677731394767761, 0.9654022455215454, 0.0015224042581394315, 0.06317926198244095]"
287,"[0.9952854514122009, 0.0353420227766037, 0.01418004184961319, 0.017154449597001076]"
68,"[0.04707415774464607, 0.07756764441728592, 0.009328599087893963, 0.9962103366851807]"
424,"[0.9958464503288269, 0.46784672141075134, 0.0046318043023347855, 0.010105314664542675]"
195,"[0.03574690222740173, 0.9952776432037354, 0.010833414271473885, 0.01274651475250721]"
194,"[0.029110310599207878, 0.9953835606575012, 0.011304146610200405, 0.015479698777198792]"
340,"[0.03647366166114807, 0.9955099821090698, 0.010172412730753422, 0.014145296066999435]"
166,"[0.23235087096691132, 0.9963952898979187, 0.012223241850733757, 0.005558371543884277]"
246,"[0.9956033229827881, 0.03882429748773575, 0.006636830046772957, 0.03778275474905968]"
350,"[0.026928765699267387, 0.9961320161819458, 0.02170024812221527, 0.013020993210375309]"
324,"[0.9959560036659241, 0.2940594553947449, 0.006539503578096628, 0.008605530485510826]"
453,"[0.02962028607726097, 0.9957725405693054, 0.01158969011157751, 0.0167206022888422]"
102,"[0.9955653548240662, 0.06723243743181229, 0.010811112821102142, 0.014960579574108124]"
147,"[0.9554390907287598, 0.9851144552230835, 0.0028182740788906813, 0.012677578255534172]"
249,"[0.9959355592727661, 0.0270202849060297, 0.006997616030275822, 0.06844386458396912]"
364,"[0.023753968998789787, 0.9916269779205322, 0.0035578266251832247, 0.5162405371665955]"
258,"[0.9962689876556396, 0.0271927397698164, 0.008582595735788345, 0.07014606148004532]"
404,"[0.9130609035491943, 0.019809767603874207, 0.0038648596964776516, 0.9945746064186096]"
487,"[0.011673744767904282, 0.025778774172067642, 0.9967390894889832, 0.016358202323317528]"
137,"[0.01487310603260994, 0.060833580791950226, 0.019386805593967438, 0.9945316314697266]"
499,"[0.012508927844464779, 0.029774850234389305, 0.9969927072525024, 0.013559208251535892]"
369,"[0.9961822628974915, 0.3244219720363617, 0.002766764024272561, 0.054562266916036606]"
304,"[0.012342655099928379, 0.06255120038986206, 0.022363223135471344, 0.9937235713005066]"
278,"[0.4653782546520233, 0.02285337820649147, 0.0058757709339261055, 0.9976606369018555]"
316,"[0.01577039621770382, 0.0547151081264019, 0.02135259099304676, 0.9946281313896179]"
270,"[0.3196466267108917, 0.013916099444031715, 0.9949394464492798, 0.003164655063301325]"
353,"[0.029322028160095215, 0.9956998825073242, 0.005629817023873329, 0.04462823644280434]"
491,"[0.035484593361616135, 0.15066376328468323, 0.9970952272415161, 0.0023319621104747057]"
220,"[0.9893465638160706, 0.019417036324739456, 0.556955099105835, 0.004474325571209192]"
357,"[0.046853311359882355, 0.9958413243293762, 0.007390889339148998, 0.0172696802765131]"
363,"[0.009284359402954578, 0.029804108664393425, 0.9966599941253662, 0.019064858555793762]"
490,"[0.9957699179649353, 0.02318221889436245, 0.01102722343057394, 0.16329538822174072]"
470,"[0.011102980934083462, 0.02776283025741577, 0.9967221617698669, 0.0160328708589077]"
53,"[0.03214437887072563, 0.9954043626785278, 0.01093420758843422, 0.0145568223670125]"
179,"[0.030072810128331184, 0.9951522350311279, 0.012413585558533669, 0.012730694375932217]"
277,"[0.012996447272598743, 0.994875967502594, 0.16649919748306274, 0.0067137740552425385]"
319,"[0.01896934024989605, 0.0597856231033802, 0.02002894878387451, 0.9953774213790894]"
215,"[0.9944115281105042, 0.03221345692873001, 0.031570035964250565, 0.009858189150691032]"
142,"[0.015927955508232117, 0.07594475895166397, 0.01672307215631008, 0.9952791929244995]"
233,"[0.9949186444282532, 0.019910337403416634, 0.025712447240948677, 0.0205756314098835]"
346,"[0.07653198391199112, 0.996283233165741, 0.016101598739624023, 0.009770944714546204]"
289,"[0.9944772124290466, 0.030576113611459732, 0.022197507321834564, 0.011986359022557735]"
354,"[0.026650836691260338, 0.9960136413574219, 0.006519855000078678, 0.05823526158928871]"
478,"[0.011287854984402657, 0.02379154972732067, 0.996650755405426, 0.01877974160015583]"
297,"[0.03185936436057091, 0.9955618381500244, 0.01088674832135439, 0.015401727519929409]"
67,"[0.05074410140514374, 0.995853066444397, 0.005893233232200146, 0.021610988304018974]"
73,"[0.9454969763755798, 0.9806801080703735, 0.0017634109826758504, 0.08708039671182632]"
483,"[0.01080386433750391, 0.02495422400534153, 0.9966917037963867, 0.018836023285984993]"
476,"[0.9927206039428711, 0.023492058739066124, 0.18119706213474274, 0.0065182833932340145]"
35,"[0.034356094896793365, 0.9953964352607727, 0.010732974857091904, 0.013776239939033985]"
440,"[0.994541585445404, 0.7653094530105591, 0.004776126239448786, 0.009144234471023083]"
484,"[0.011006119661033154, 0.02567676641047001, 0.9966705441474915, 0.01751854084432125]"
0,"[0.9942758679389954, 0.040808405727148056, 0.01878456585109234, 0.009751825593411922]"
337,"[0.9953136444091797, 0.06703139841556549, 0.013608098961412907, 0.010225590318441391]"
11,"[0.014467121101915836, 0.0617997869849205, 0.019718382507562637, 0.9944211840629578]"
100,"[0.9797722101211548, 0.6904420256614685, 0.0008326608804054558, 0.77119380235672]"
93,"[0.02902838960289955, 0.9953794479370117, 0.013486990705132484, 0.013062532991170883]"
183,"[0.9933232665061951, 0.8260906934738159, 0.004667248576879501, 0.0069176810793578625]"
47,"[0.03332371264696121, 0.9951670169830322, 0.009484096430242062, 0.015665972605347633]"
399,"[0.9957056641578674, 0.09845145046710968, 0.01520836167037487, 0.007645874284207821]"
124,"[0.013321248814463615, 0.07073026150465012, 0.020680680871009827, 0.9944522976875305]"
50,"[0.009457726031541824, 0.03138672560453415, 0.9967362284660339, 0.017084773629903793]"
129,"[0.013375709764659405, 0.06846373528242111, 0.020418666303157806, 0.9942980408668518]"
150,"[0.014031735248863697, 0.0575760081410408, 0.020245613530278206, 0.9937227368354797]"
312,"[0.01975700445473194, 0.047971211373806, 0.01996799185872078, 0.9949350953102112]"
406,"[0.021066971123218536, 0.04242121800780296, 0.018932946026325226, 0.9948002099990845]"
41,"[0.03192156180739403, 0.9953892230987549, 0.010857852175831795, 0.014975075609982014]"
