index,logits
0,"[0.019357193261384964, 0.997912585735321, 0.00415453128516674, 0.004476660396903753]"
1,"[0.0636284127831459, 0.017689207568764687, 0.810600221157074, 0.01748783327639103]"
2,"[0.998085618019104, 0.005546573083847761, 0.010688289999961853, 0.006423694081604481]"
3,"[0.9981879591941833, 0.006907746195793152, 0.008240488357841969, 0.007939969189465046]"
4,"[0.007200960535556078, 0.004209135193377733, 0.9982138872146606, 0.009465980343520641]"
5,"[0.9986521601676941, 0.009459714405238628, 0.006657915655523539, 0.01225845143198967]"
6,"[0.013183080591261387, 0.004588319920003414, 0.9984914064407349, 0.0050036231987178326]"
7,"[0.006328999530524015, 0.0038885727990418673, 0.9979668259620667, 0.010990429669618607]"
8,"[0.9649852514266968, 0.002246177289634943, 0.464708536863327, 0.002251931931823492]"
9,"[0.0069520496763288975, 0.007534172385931015, 0.998828113079071, 0.00764362420886755]"
10,"[0.8689422011375427, 0.4108920693397522, 0.03627200797200203, 0.0002855879138223827]"
11,"[0.011800691485404968, 0.003984848503023386, 0.9984138011932373, 0.007153661921620369]"
12,"[0.9982360601425171, 0.004608616232872009, 0.010408775880932808, 0.007866268046200275]"
13,"[0.05273709446191788, 0.0029252711683511734, 0.9963405728340149, 0.0028334888629615307]"
14,"[0.9947391152381897, 0.002540452405810356, 0.07715430855751038, 0.003413604339584708]"
15,"[0.00988693442195654, 0.006424534134566784, 0.9987002611160278, 0.005239010322839022]"
16,"[0.011517796665430069, 0.006795211229473352, 0.9987146854400635, 0.005307306535542011]"
17,"[0.010633897967636585, 0.004503759555518627, 0.9983855485916138, 0.0058937668800354]"
18,"[0.006989655084908009, 0.0065452405251562595, 0.9985841512680054, 0.006231767125427723]"
19,"[0.004429719410836697, 0.9854834079742432, 0.0019101286306977272, 0.19430477917194366]"
20,"[0.01224479265511036, 0.008888539858162403, 0.00482152821496129, 0.998788058757782]"
21,"[0.0021215586457401514, 0.6474743485450745, 0.8978669047355652, 0.0011118503753095865]"
22,"[0.9969960451126099, 0.044318921864032745, 0.006345435976982117, 0.00229254481382668]"
23,"[0.007772485725581646, 0.006452509202063084, 0.013673854060471058, 0.9989385008811951]"
24,"[0.9974014759063721, 0.007606088649481535, 0.005633854307234287, 0.008913055062294006]"
25,"[0.024063577875494957, 0.00653082225471735, 0.005178590305149555, 0.9990503191947937]"
26,"[0.9979013204574585, 0.009591294452548027, 0.005704157520085573, 0.0066568125039339066]"
27,"[0.003518808865919709, 0.003134798724204302, 0.035636041313409805, 0.9970183372497559]"
28,"[0.0041832588613033295, 0.0030929469503462315, 0.023663150146603584, 0.9968425035476685]"
29,"[0.009809465147554874, 0.9991412162780762, 0.005309303756803274, 0.0026503822300583124]"
30,"[0.014616685919463634, 0.002989640459418297, 0.007630697451531887, 0.9936528205871582]"
31,"[0.0026361269410699606, 0.9956629872322083, 0.0011387092527002096, 0.09097827225923538]"
32,"[0.00413492601364851, 0.011069090105593204, 0.9920735955238342, 0.00598641624674201]"
33,"[0.0057337661273777485, 0.9811043739318848, 0.037793342024087906, 0.0008313962607644498]"
34,"[0.7537298798561096, 0.013605290092527866, 0.0016293165972456336, 0.9954383969306946]"
35,"[0.008091474883258343, 0.004346874542534351, 0.010424593463540077, 0.9982154369354248]"
36,"[0.6293646693229675, 0.002489956095814705, 0.0019029186805710196, 0.9601140022277832]"
37,"[0.004667764529585838, 0.0067382557317614555, 0.01741478033363819, 0.9960849285125732]"
38,"[0.004324228037148714, 0.004696867428719997, 0.02087247371673584, 0.9972186088562012]"
39,"[0.008005091920495033, 0.40368056297302246, 0.5358996391296387, 0.003595631569623947]"
40,"[0.006016214843839407, 0.007363109849393368, 0.010702716186642647, 0.9985765218734741]"
41,"[0.995456337928772, 0.003960838541388512, 0.004404617007821798, 0.03215446323156357]"
42,"[0.013547605834901333, 0.01008401159197092, 0.0060226027853786945, 0.9991306662559509]"
43,"[0.008996721357107162, 0.005970428232103586, 0.009501083754003048, 0.9987903237342834]"
44,"[0.1978708803653717, 0.010028082877397537, 0.47540679574012756, 0.0038171166088432074]"
45,"[0.005223457235842943, 0.02057613618671894, 0.005058430600911379, 0.9977053999900818]"
46,"[0.0013917642645537853, 0.7805182933807373, 0.0008251336985267699, 0.8061651587486267]"
47,"[0.011517796665430069, 0.006795211229473352, 0.9987146854400635, 0.005307306535542011]"
48,"[0.9597148895263672, 0.002278515137732029, 0.21844081580638885, 0.004552678670734167]"
49,"[0.9960784316062927, 0.004402258433401585, 0.04910470172762871, 0.002213606610894203]"
50,"[0.005734962411224842, 0.9991232752799988, 0.004670725669711828, 0.0026760343462228775]"
51,"[0.008749697357416153, 0.9992490410804749, 0.0035257614217698574, 0.0028783029410988092]"
52,"[0.004879495594650507, 0.9992948770523071, 0.0037416452541947365, 0.004252276849001646]"
53,"[0.9970908164978027, 0.0032379385083913803, 0.018730347976088524, 0.0055731190368533134]"
54,"[0.996938943862915, 0.0830189511179924, 0.0033104694448411465, 0.0030002808198332787]"
55,"[0.010723395273089409, 0.9989680051803589, 0.003420666791498661, 0.0020139587577432394]"
56,"[0.9962648749351501, 0.01555331889539957, 0.010817733593285084, 0.003371995873749256]"
57,"[0.8800776600837708, 0.0027121349703520536, 0.5964630842208862, 0.002719615353271365]"
58,"[0.9759926199913025, 0.9429132342338562, 0.001073172315955162, 0.9656594395637512]"
59,"[0.004060359206050634, 0.9987937211990356, 0.004765325225889683, 0.003959525376558304]"
60,"[0.006054614204913378, 0.9991766810417175, 0.004047502297908068, 0.0034553995355963707]"
61,"[0.005144467577338219, 0.9993661046028137, 0.004534310195595026, 0.003906711935997009]"
62,"[0.9984130859375, 0.006297497544437647, 0.007529770955443382, 0.009317571297287941]"
63,"[0.9759926199913025, 0.9429132342338562, 0.001073172315955162, 0.9656594395637512]"
64,"[0.004547243006527424, 0.9984785914421082, 0.008123059757053852, 0.001794997719116509]"
65,"[0.04784350097179413, 0.9913710355758667, 0.0004767351201735437, 0.5843126177787781]"
66,"[0.020035434514284134, 0.9954801797866821, 0.020124325528740883, 0.0008792337030172348]"
67,"[0.011814462020993233, 0.9987391829490662, 0.0039093028753995895, 0.0018871740903705359]"
68,"[0.0732293650507927, 0.0048273177817463875, 0.9921349287033081, 0.0019637360237538815]"
69,"[0.004598807077854872, 0.9989523887634277, 0.003265907522290945, 0.005185630172491074]"
70,"[0.004175189882516861, 0.9854177236557007, 0.0011711970437318087, 0.02515721507370472]"
71,"[0.015840603038668633, 0.999535322189331, 0.0025512375868856907, 0.00538288988173008]"
72,"[0.004389474168419838, 0.008725284598767757, 0.012547194957733154, 0.997575581073761]"
73,"[0.01280906517058611, 0.007183813024312258, 0.9982883334159851, 0.003385214600712061]"
74,"[0.9980402588844299, 0.00594433955848217, 0.01074939128011465, 0.0061435517854988575]"
75,"[0.86246657371521, 0.003553062677383423, 0.8580230474472046, 0.0013485444942489266]"
76,"[0.948388934135437, 0.003955668304115534, 0.6867149472236633, 0.0011567296460270882]"
77,"[0.9651456475257874, 0.16420288383960724, 0.019652513787150383, 0.000984041253104806]"
78,"[0.9671993255615234, 0.00379935628734529, 0.14350958168506622, 0.0032485302072018385]"
79,"[0.004306981805711985, 0.9991999268531799, 0.005451866891235113, 0.00374395283870399]"
80,"[0.005428834818303585, 0.999123752117157, 0.004672617185860872, 0.0026908591389656067]"
81,"[0.004721664357930422, 0.9993458390235901, 0.004573846701532602, 0.003950966522097588]"
82,"[0.35411614179611206, 0.00048567933845333755, 0.940209150314331, 0.012785656377673149]"
83,"[0.006272170227020979, 0.9993914365768433, 0.004658754914999008, 0.004369719885289669]"
84,"[0.9958710074424744, 0.05260922759771347, 0.005504453554749489, 0.0019519270863384008]"
85,"[0.0040712724439799786, 0.9991809725761414, 0.006033193785697222, 0.0033476061653345823]"
86,"[0.004448263440281153, 0.9991633892059326, 0.005430199671536684, 0.00316229579038918]"
87,"[0.004790008999407291, 0.999186098575592, 0.005177447572350502, 0.0043365019373595715]"
88,"[0.9968137145042419, 0.01163715124130249, 0.013342575170099735, 0.010459162294864655]"
89,"[0.004381620790809393, 0.9989148378372192, 0.002757984446361661, 0.005854593589901924]"
90,"[0.008916097693145275, 0.9991629123687744, 0.003377411747351289, 0.002838862594217062]"
91,"[0.00427385326474905, 0.9990929365158081, 0.004616806749254465, 0.003870280459523201]"
92,"[0.31476902961730957, 0.010099740698933601, 0.9441899061203003, 0.0007666732999496162]"
93,"[0.0045077186077833176, 0.9992464780807495, 0.004758624359965324, 0.003595219925045967]"
94,"[0.010635854676365852, 0.9981865286827087, 0.0035286806523799896, 0.0028770919889211655]"
95,"[0.9688831567764282, 0.003234720788896084, 0.0018097562715411186, 0.5798092484474182]"
96,"[0.9985734224319458, 0.00698314793407917, 0.007388378959149122, 0.009615612216293812]"
97,"[0.9979224801063538, 0.006284051109105349, 0.008089462295174599, 0.008576653897762299]"
98,"[0.46579715609550476, 0.009257336147129536, 0.0013105070684105158, 0.9966885447502136]"
99,"[0.9974895715713501, 0.0034730220213532448, 0.02852393500506878, 0.00396381551399827]"
100,"[0.9318931102752686, 0.004134234506636858, 0.0015180266927927732, 0.8892492055892944]"
101,"[0.004616125021129847, 0.001981632085517049, 0.9885957837104797, 0.057807765901088715]"
102,"[0.9984797835350037, 0.005740514025092125, 0.007866674102842808, 0.008973861113190651]"
103,"[0.9877883791923523, 0.006125393323600292, 0.0015363993588835, 0.3601069152355194]"
104,"[0.9980892539024353, 0.007243049331009388, 0.007489235606044531, 0.00826040655374527]"
105,"[0.9915095567703247, 0.0023885383270680904, 0.07551758736371994, 0.0037710487376898527]"
106,"[0.06199551373720169, 0.007245995569974184, 0.0037744364235550165, 0.9985972046852112]"
107,"[0.9983761310577393, 0.00628625275567174, 0.010018236935138702, 0.006396416574716568]"
108,"[0.9981651902198792, 0.006466004531830549, 0.0061620003543794155, 0.01044703833758831]"
109,"[0.9982004165649414, 0.0056325215846300125, 0.013128677383065224, 0.005516272038221359]"
110,"[0.9759926199913025, 0.9429132342338562, 0.001073172315955162, 0.9656594395637512]"
111,"[0.004363496322184801, 0.021325448527932167, 0.9956132173538208, 0.006357230246067047]"
112,"[0.5900694727897644, 0.0018817516975104809, 0.9609619975090027, 0.0018994107376784086]"
113,"[0.001141641172580421, 0.007197845261543989, 0.3100380003452301, 0.8265213370323181]"
114,"[0.005751126911491156, 0.9980767965316772, 0.0027717561461031437, 0.00493834400549531]"
115,"[0.012615608982741833, 0.004929442889988422, 0.9985343217849731, 0.005472756456583738]"
116,"[0.9975178241729736, 0.004954063333570957, 0.013648205436766148, 0.005798236932605505]"
117,"[0.014280450530350208, 0.9942483901977539, 0.0010063142981380224, 0.7370191812515259]"
118,"[0.997769832611084, 0.004763706121593714, 0.018902452662587166, 0.003977621905505657]"
119,"[0.006449623499065638, 0.014915279112756252, 0.9980674386024475, 0.0038850242272019386]"
120,"[0.1902114897966385, 0.0014716878067702055, 0.9856539368629456, 0.0032602392602711916]"
121,"[0.04984325170516968, 0.02305813506245613, 0.9377803802490234, 0.003070441074669361]"
122,"[0.9982408285140991, 0.016592897474765778, 0.00675381813198328, 0.004193807952105999]"
123,"[0.9982884526252747, 0.0058707427233457565, 0.007579980883747339, 0.009049639105796814]"
124,"[0.997837245464325, 0.008051679469645023, 0.007964021526277065, 0.006357838399708271]"
125,"[0.07936807721853256, 0.05330488830804825, 0.7418946623802185, 0.000663647660985589]"
126,"[0.9722058176994324, 0.026820864528417587, 0.008152605034410954, 0.03437180072069168]"
127,"[0.9771793484687805, 0.0023967172019183636, 0.35439547896385193, 0.002143100369721651]"
128,"[0.9939849972724915, 0.004105895292013884, 0.16286596655845642, 0.002469278173521161]"
129,"[0.8339583873748779, 0.0036066314205527306, 0.897070050239563, 0.0014545544981956482]"
130,"[0.8434835076332092, 0.0005527051980607212, 0.4280559718608856, 0.014718243852257729]"
131,"[0.9984266757965088, 0.006155929062515497, 0.0089191272854805, 0.007198973558843136]"
132,"[0.9982286095619202, 0.008471894077956676, 0.007741759531199932, 0.0063097113743424416]"
133,"[0.0047456324100494385, 0.0020418823696672916, 0.9603084325790405, 0.12352938950061798]"
134,"[0.9984702467918396, 0.006956782191991806, 0.009268327616155148, 0.0076727550476789474]"
135,"[0.006367041729390621, 0.006519348826259375, 0.9976981282234192, 0.007422826252877712]"
136,"[0.9977594614028931, 0.004881646949797869, 0.011243987828493118, 0.006122548598796129]"
137,"[0.9978089928627014, 0.005699461791664362, 0.013857600279152393, 0.0040734559297561646]"
138,"[0.9984354376792908, 0.009354065172374249, 0.009032824076712132, 0.005331226624548435]"
139,"[0.695966899394989, 0.00472099706530571, 0.0010590744204819202, 0.9592959880828857]"
140,"[0.9486950039863586, 0.0022874039132148027, 0.6638790369033813, 0.001889513456262648]"
141,"[0.9972579479217529, 0.00781483855098486, 0.0039504957385361195, 0.018001621589064598]"
142,"[0.06199551373720169, 0.007245995569974184, 0.0037744364235550165, 0.9985972046852112]"
143,"[0.9984921216964722, 0.0057721324265003204, 0.011416762135922909, 0.007003786042332649]"
144,"[0.9985275268554688, 0.006868775933980942, 0.009465198032557964, 0.007268617395311594]"
145,"[0.9983134269714355, 0.0063622379675507545, 0.01126296166330576, 0.005357921123504639]"
146,"[0.9977577328681946, 0.004127079620957375, 0.010566599667072296, 0.0074286856688559055]"
147,"[0.33263179659843445, 0.9752728939056396, 0.003652318613603711, 0.0015579551691189408]"
148,"[0.9983789920806885, 0.007427585311233997, 0.008867624215781689, 0.007194577716290951]"
149,"[0.9985405206680298, 0.008470196276903152, 0.010777641087770462, 0.005299171898514032]"
150,"[0.007257928140461445, 0.005753106437623501, 0.01169621106237173, 0.9985367059707642]"
151,"[0.007458698004484177, 0.016282768920063972, 0.0035752281546592712, 0.9978389143943787]"
152,"[0.9826853275299072, 0.020068759098649025, 0.12861725687980652, 0.000631961040198803]"
153,"[0.06199551373720169, 0.007245995569974184, 0.0037744364235550165, 0.9985972046852112]"
154,"[0.9969724416732788, 0.0038269790820777416, 0.015603761188685894, 0.00548514211550355]"
155,"[0.009193102829158306, 0.005882080644369125, 0.9987038373947144, 0.005983678624033928]"
156,"[0.008402219973504543, 0.006890495773404837, 0.9988840222358704, 0.006859199143946171]"
157,"[0.0060196686536073685, 0.005188971757888794, 0.9979134202003479, 0.012926489114761353]"
158,"[0.010365137830376625, 0.005491216666996479, 0.9986023306846619, 0.005328473635017872]"
159,"[0.9948511719703674, 0.0034063789062201977, 0.0714670866727829, 0.002710573375225067]"
160,"[0.9987130165100098, 0.007216289173811674, 0.00913784746080637, 0.007734194863587618]"
161,"[0.9983417987823486, 0.007148945704102516, 0.010846273973584175, 0.005657431669533253]"
162,"[0.9980880618095398, 0.006228316109627485, 0.009437929838895798, 0.005651533138006926]"
163,"[0.012355363927781582, 0.003569213207811117, 0.997225821018219, 0.0050376406870782375]"
164,"[0.340487003326416, 0.003599167801439762, 0.9531702399253845, 0.0018433970399200916]"
165,"[0.01288389042019844, 0.0064135342836380005, 0.998745322227478, 0.004822974558919668]"
166,"[0.9970312118530273, 0.004009200260043144, 0.01724482886493206, 0.0061776041984558105]"
167,"[0.007329374086111784, 0.007269904483109713, 0.9985874891281128, 0.007026445120573044]"
168,"[0.9590326547622681, 0.0026144522707909346, 0.6340765953063965, 0.0014870492741465569]"
169,"[0.008618325926363468, 0.0038338256999850273, 0.9981287121772766, 0.00822412595152855]"
170,"[0.9901044964790344, 0.05061781778931618, 0.00609419634565711, 0.0020665337797254324]"
171,"[0.9971480965614319, 0.0038451766595244408, 0.0052437144331634045, 0.04104749858379364]"
172,"[0.015991849824786186, 0.008547910489141941, 0.005191778764128685, 0.9989123344421387]"
173,"[0.006994959432631731, 0.002408041153103113, 0.025382881984114647, 0.9967722296714783]"
174,"[0.0114299226552248, 0.0057819318026304245, 0.007894352078437805, 0.9978450536727905]"
175,"[0.9393929243087769, 0.002522245980799198, 0.0032913286704570055, 0.4962041974067688]"
176,"[0.012819427996873856, 0.9986938834190369, 0.0021385429427027702, 0.011060805059969425]"
177,"[0.03930610418319702, 0.00572696328163147, 0.0034376417752355337, 0.9973959922790527]"
178,"[0.9693491458892822, 0.02343878149986267, 0.000763090152759105, 0.2913492023944855]"
179,"[0.07881033420562744, 0.0037758764810860157, 0.0030524227768182755, 0.9936891794204712]"
180,"[0.9969800114631653, 0.004994998686015606, 0.0032594630029052496, 0.029994573444128036]"
181,"[0.009165558964014053, 0.9990888833999634, 0.004157789517194033, 0.002535005332902074]"
182,"[0.9759926199913025, 0.9429132342338562, 0.001073172315955162, 0.9656594395637512]"
183,"[0.9759926199913025, 0.9429132342338562, 0.001073172315955162, 0.9656594395637512]"
184,"[0.14629830420017242, 0.9991138577461243, 0.0007596267969347537, 0.21043096482753754]"
185,"[0.9985252022743225, 0.0058847214095294476, 0.00868432316929102, 0.009072584100067616]"
186,"[0.997323751449585, 0.0038213131483644247, 0.021299423649907112, 0.005410734564065933]"
187,"[0.9985252022743225, 0.0058847214095294476, 0.00868432316929102, 0.009072584100067616]"
188,"[0.010489635169506073, 0.998956561088562, 0.003459372092038393, 0.0026925283018499613]"
189,"[0.2425544559955597, 0.0018768829759210348, 0.003366476623341441, 0.9895929098129272]"
190,"[0.9821404814720154, 0.003196462756022811, 0.0027579304296523333, 0.30508244037628174]"
191,"[0.014441389590501785, 0.994901180267334, 0.010185567662119865, 0.001599882380105555]"
192,"[0.9985252022743225, 0.0058847214095294476, 0.00868432316929102, 0.009072584100067616]"
193,"[0.9985252022743225, 0.0058847214095294476, 0.00868432316929102, 0.009072584100067616]"
194,"[0.9985252022743225, 0.0058847214095294476, 0.00868432316929102, 0.009072584100067616]"
195,"[0.9722321033477783, 0.32208138704299927, 0.0005809213616885245, 0.02767404168844223]"
196,"[0.9983741044998169, 0.008816748857498169, 0.008845431730151176, 0.008568374440073967]"
197,"[0.6458452343940735, 0.005578858777880669, 0.0013041725615039468, 0.9391327500343323]"
198,"[0.9759926199913025, 0.9429132342338562, 0.001073172315955162, 0.9656594395637512]"
199,"[0.011107197031378746, 0.0049333153292536736, 0.008841720409691334, 0.9988223910331726]"
200,"[0.5984494090080261, 0.005602720659226179, 0.0017203063471242785, 0.9959912896156311]"
201,"[0.007124935742467642, 0.006858241744339466, 0.011774190701544285, 0.998772919178009]"
202,"[0.9954591989517212, 0.01654644124209881, 0.008761043660342693, 0.004495531786233187]"
203,"[0.2899993658065796, 0.7828975319862366, 0.0015066505875438452, 0.9507035613059998]"
204,"[0.00805792398750782, 0.0004245230520609766, 0.6011751294136047, 0.6170774102210999]"
205,"[0.008607459254562855, 0.006733451038599014, 0.008806495927274227, 0.9988466501235962]"
206,"[0.17201344668865204, 0.0028458472806960344, 0.002486277837306261, 0.9921522736549377]"
207,"[0.02464103512465954, 0.00556504400447011, 0.004836939740926027, 0.9987525939941406]"
208,"[0.008736629039049149, 0.007439339533448219, 0.007332827430218458, 0.9986422657966614]"
209,"[0.06199551373720169, 0.007245995569974184, 0.0037744364235550165, 0.9985972046852112]"
210,"[0.001986469142138958, 0.7801578044891357, 0.0031102781649678946, 0.3498786389827728]"
211,"[0.00817966926842928, 0.008862257935106754, 0.008170158602297306, 0.9981657862663269]"
212,"[0.006449623499065638, 0.014915279112756252, 0.9980674386024475, 0.0038850242272019386]"
213,"[0.00796244665980339, 0.007716452237218618, 0.009618060663342476, 0.9989112615585327]"
214,"[0.008024930953979492, 0.9920297861099243, 0.00159789202734828, 0.05451738089323044]"
215,"[0.008006886579096317, 0.006961563602089882, 0.010282083414494991, 0.9989240765571594]"
216,"[0.9977419376373291, 0.005866987630724907, 0.004757967311888933, 0.01914713717997074]"
217,"[0.0058085075579583645, 0.6554355025291443, 0.0004413822607602924, 0.8700100183486938]"
218,"[0.005448222626000643, 0.9961265921592712, 0.0018963783513754606, 0.010764568112790585]"
219,"[0.009242097847163677, 0.00827635545283556, 0.006415102630853653, 0.9987591505050659]"
220,"[0.006449623499065638, 0.014915279112756252, 0.9980674386024475, 0.0038850242272019386]"
221,"[0.9759926199913025, 0.9429132342338562, 0.001073172315955162, 0.9656594395637512]"
222,"[0.007332438603043556, 0.006948923692107201, 0.01086471602320671, 0.9988370537757874]"
223,"[0.007668915670365095, 0.006046493072062731, 0.009830816648900509, 0.9987609386444092]"
224,"[0.10199658572673798, 0.0032361014746129513, 0.002221996197476983, 0.9927461743354797]"
225,"[0.206706702709198, 0.04680141061544418, 0.005143921356648207, 0.9887933135032654]"
226,"[0.0064391763880848885, 0.005772036500275135, 0.01397833414375782, 0.996841549873352]"
227,"[0.9759926199913025, 0.9429132342338562, 0.001073172315955162, 0.9656594395637512]"
228,"[0.0008740040939301252, 0.7960359454154968, 0.0014821768272668123, 0.6602934002876282]"
229,"[0.00667639309540391, 0.9885106086730957, 0.0003753210185095668, 0.5102207064628601]"
230,"[0.00365469790995121, 0.9986351132392883, 0.0027029840275645256, 0.005797950550913811]"
231,"[0.9759926199913025, 0.9429132342338562, 0.001073172315955162, 0.9656594395637512]"
232,"[0.00610229792073369, 0.9991224408149719, 0.004094681702554226, 0.002775112632662058]"
233,"[0.9952033758163452, 0.019320961087942123, 0.0020565239246934652, 0.03784332051873207]"
234,"[0.00385874742642045, 0.9987345337867737, 0.008057245053350925, 0.002710820874199271]"
235,"[0.056305959820747375, 0.9935269355773926, 0.0045420825481414795, 0.001127884490415454]"
236,"[0.9966588020324707, 0.016499243676662445, 0.011352510191500187, 0.0018369305180385709]"
237,"[0.0030295683536678553, 0.4650217890739441, 0.9140266180038452, 0.0004900149651803076]"
238,"[0.9982872605323792, 0.006043241824954748, 0.01095586083829403, 0.006531580816954374]"
239,"[0.004809907637536526, 0.9987987279891968, 0.005658614914864302, 0.0025849039666354656]"
240,"[0.0059383888728916645, 0.9990090131759644, 0.006347036454826593, 0.00333346426486969]"
241,"[0.9981092214584351, 0.016547519713640213, 0.006050804629921913, 0.004258348140865564]"
242,"[0.008535278961062431, 0.9992287158966064, 0.004309996962547302, 0.004520803224295378]"
243,"[0.0873742550611496, 0.04989615082740784, 0.9213235974311829, 0.0004927195841446519]"
244,"[0.9967633485794067, 0.016769152134656906, 0.009037747047841549, 0.002908914117142558]"
245,"[0.023185642436146736, 0.9977055191993713, 0.0046951668336987495, 0.001281210919842124]"
246,"[0.9970079064369202, 0.038371022790670395, 0.004225150682032108, 0.0036551321391016245]"
247,"[0.0036752319429069757, 0.999098539352417, 0.004477720707654953, 0.004269640892744064]"
248,"[0.004694008268415928, 0.9992578625679016, 0.0047572944313287735, 0.0034085598308593035]"
249,"[0.9949539303779602, 0.04811681807041168, 0.00390465441159904, 0.003056937362998724]"
250,"[0.9901615381240845, 0.032322004437446594, 0.021221190690994263, 0.000858996354509145]"
251,"[0.018084241077303886, 0.9784477353096008, 0.0484088696539402, 0.00032758773886598647]"
252,"[0.026738708838820457, 0.9894954562187195, 0.027928562834858894, 0.0005091351340524852]"
253,"[0.9979769587516785, 0.0072647687047719955, 0.010061036795377731, 0.004437464755028486]"
254,"[0.08448677510023117, 0.36870285868644714, 0.37205836176872253, 0.00022533509763889015]"
255,"[0.013243593275547028, 0.6931449770927429, 0.000508580997120589, 0.13375450670719147]"
256,"[0.9976741671562195, 0.010966142639517784, 0.006622761022299528, 0.004896387457847595]"
257,"[0.026882905513048172, 0.9583311676979065, 0.005555825773626566, 0.005998595152050257]"
258,"[0.9954614043235779, 0.0037402622401714325, 0.03248133882880211, 0.004378925543278456]"
259,"[0.0021248285192996264, 0.9955894947052002, 0.0397200770676136, 0.0014611718943342566]"
260,"[0.004356752149760723, 0.9165827035903931, 0.28664594888687134, 0.00043418677523732185]"
261,"[0.9895015358924866, 0.05724386125802994, 0.006335912737995386, 0.002964622573927045]"
262,"[0.9195021390914917, 0.9119848608970642, 0.0009518938022665679, 0.003400099230930209]"
263,"[0.01103163417428732, 0.9983878135681152, 0.004772732499986887, 0.001931711914949119]"
264,"[0.00531074870377779, 0.9952552914619446, 0.0009631894063204527, 0.02568196691572666]"
265,"[0.9984099864959717, 0.007289467379450798, 0.008249998092651367, 0.0068420120514929295]"
266,"[0.026322120800614357, 0.05353396013379097, 0.1704077422618866, 0.04109460860490799]"
267,"[0.00683265645056963, 0.007946270518004894, 0.010760597884654999, 0.9983618855476379]"
268,"[0.004637335892766714, 0.999053418636322, 0.006580077111721039, 0.0024143182672560215]"
269,"[0.004176292568445206, 0.999025821685791, 0.0030591425020247698, 0.00557383568957448]"
270,"[0.9976321458816528, 0.010382766835391521, 0.008862202987074852, 0.0038185406010597944]"
271,"[0.003256735857576132, 0.9986866116523743, 0.007162575144320726, 0.003162180073559284]"
272,"[0.01388742495328188, 0.025410771369934082, 0.002159477910026908, 0.9938103556632996]"
273,"[0.006608039140701294, 0.9981605410575867, 0.004751687403768301, 0.004320620559155941]"
274,"[0.2599790692329407, 0.9970169067382812, 0.0015874425880610943, 0.001953371334820986]"
275,"[0.06349768489599228, 0.005989700090140104, 0.9958763122558594, 0.0015086038038134575]"
276,"[0.9967008233070374, 0.13130013644695282, 0.0027024622540920973, 0.003943776711821556]"
277,"[0.012551254592835903, 0.014067172072827816, 0.003355173161253333, 0.9984050393104553]"
278,"[0.007320895791053772, 0.013049948960542679, 0.99793541431427, 0.0036216990556567907]"
279,"[0.9983819723129272, 0.006102526094764471, 0.008154964074492455, 0.008463290520012379]"
280,"[0.010959933511912823, 0.007020263001322746, 0.00745897414162755, 0.9989044666290283]"
281,"[0.004230022896081209, 0.0019323603482916951, 0.06939370185136795, 0.9697731733322144]"
282,"[0.014280450530350208, 0.9942483901977539, 0.0010063142981380224, 0.7370191812515259]"
283,"[0.47015631198883057, 0.0009121473412960768, 0.0325021855533123, 0.5949800610542297]"
284,"[0.9976339340209961, 0.003659846493974328, 0.019184650853276253, 0.005653136409819126]"
285,"[0.007782958913594484, 0.006349707022309303, 0.9987006187438965, 0.008021959103643894]"
286,"[0.010537788271903992, 0.0008131713257171214, 0.9868007898330688, 0.03234788402915001]"
287,"[0.012647283263504505, 0.0017308423994109035, 0.9951924085617065, 0.011512603610754013]"
288,"[0.011517796665430069, 0.006795211229473352, 0.9987146854400635, 0.005307306535542011]"
289,"[0.010196009650826454, 0.005921419709920883, 0.9987496137619019, 0.005662404466420412]"
290,"[0.005577957257628441, 0.0032748295925557613, 0.9973938465118408, 0.013657097704708576]"
291,"[0.06278787553310394, 0.001751264207996428, 0.9951017498970032, 0.00419525196775794]"
292,"[0.9980839490890503, 0.0069900196976959705, 0.008006671443581581, 0.0074447146616876125]"
293,"[0.9983891248703003, 0.00657624052837491, 0.008386612869799137, 0.007438015658408403]"
294,"[0.014322496950626373, 0.006162896286696196, 0.9985894560813904, 0.004780681803822517]"
295,"[0.009575819596648216, 0.0015301810344681144, 0.9956054091453552, 0.027471449226140976]"
296,"[0.005361510906368494, 0.0023162299767136574, 0.9962114095687866, 0.01952826790511608]"
297,"[0.14086952805519104, 0.004413265269249678, 0.002540648216381669, 0.9970998764038086]"
298,"[0.009346441365778446, 0.006322711706161499, 0.9986532926559448, 0.0050872936844825745]"
299,"[0.009035504423081875, 0.0062649305909872055, 0.998777449131012, 0.006316968239843845]"
300,"[0.007801510859280825, 0.0065908548422157764, 0.9986128807067871, 0.006128729321062565]"
301,"[0.008922402746975422, 0.00552822882309556, 0.9986467957496643, 0.006557943299412727]"
302,"[0.007614750415086746, 0.006757715251296759, 0.998737633228302, 0.0065724351443350315]"
303,"[0.011081368662416935, 0.00547443563118577, 0.9987039566040039, 0.005723681766539812]"
304,"[0.011067369021475315, 0.004060882143676281, 0.008566454984247684, 0.998381495475769]"
305,"[0.9983763694763184, 0.005428183823823929, 0.009447211399674416, 0.00819286797195673]"
306,"[0.9982190728187561, 0.00608457438647747, 0.0077237943187355995, 0.011372528970241547]"
307,"[0.9918683767318726, 0.002848913660272956, 0.00766853429377079, 0.029597466811537743]"
308,"[0.016649996861815453, 0.003961461130529642, 0.005526383873075247, 0.9980754852294922]"
309,"[0.9982895255088806, 0.0055096084251999855, 0.009024769067764282, 0.007999066263437271]"
310,"[0.009018211625516415, 0.005892264191061258, 0.008338719606399536, 0.9986199140548706]"
311,"[0.7537298798561096, 0.013605290092527866, 0.0016293165972456336, 0.9954383969306946]"
312,"[0.9408304691314697, 0.0038089698646217585, 0.0029805749654769897, 0.9346895813941956]"
313,"[0.9982560276985168, 0.007146858610212803, 0.007489302195608616, 0.00785356666892767]"
314,"[0.009346176870167255, 0.005615944508463144, 0.998645007610321, 0.005597391631454229]"
315,"[0.012523338198661804, 0.007014050148427486, 0.998384952545166, 0.003469412447884679]"
316,"[0.007756615523248911, 0.007303922437131405, 0.9988077878952026, 0.0070968917571008205]"
317,"[0.9969973564147949, 0.0030770222656428814, 0.01523452065885067, 0.00849385280162096]"
318,"[0.012428922578692436, 0.006158473435789347, 0.99880051612854, 0.0053525567054748535]"
319,"[0.009255441837012768, 0.0074848695658147335, 0.9987272620201111, 0.007254761643707752]"
320,"[0.9983288645744324, 0.005815916229039431, 0.011216137558221817, 0.006034975405782461]"
321,"[0.9980970025062561, 0.005071783903986216, 0.007124126423150301, 0.010520892217755318]"
322,"[0.9978604912757874, 0.004050884861499071, 0.007660957518965006, 0.01291530579328537]"
323,"[0.005753521807491779, 0.003477136604487896, 0.02320803329348564, 0.9981826543807983]"
324,"[0.9976403713226318, 0.004661366809159517, 0.012814625166356564, 0.006622625514864922]"
325,"[0.005388448014855385, 0.0073302206583321095, 0.9981538653373718, 0.011252504773437977]"
326,"[0.007039092015475035, 0.004576828796416521, 0.9981887936592102, 0.01093140710145235]"
327,"[0.005856500938534737, 0.008559580892324448, 0.9986777901649475, 0.00708738574758172]"
328,"[0.00787979643791914, 0.0045508877374231815, 0.9978095889091492, 0.007901177741587162]"
329,"[0.014264705590903759, 0.005870762746781111, 0.9984287619590759, 0.0038164369761943817]"
330,"[0.01562286913394928, 0.0040958053432404995, 0.9982994198799133, 0.004324082285165787]"
331,"[0.0730917826294899, 0.0005100148264318705, 0.9712508320808411, 0.0257938951253891]"
332,"[0.008159242570400238, 0.003673599334433675, 0.9978668093681335, 0.009393211454153061]"
333,"[0.9984738230705261, 0.008198080584406853, 0.008723939768970013, 0.008724439889192581]"
334,"[0.9983628392219543, 0.007263293489813805, 0.007446367293596268, 0.007111041806638241]"
335,"[0.9983639121055603, 0.006873744539916515, 0.009735864587128162, 0.006753050722181797]"
336,"[0.006638898514211178, 0.004040275700390339, 0.9981574416160583, 0.01081791240721941]"
337,"[0.00720552634447813, 0.004654497839510441, 0.9979860782623291, 0.007650644052773714]"
338,"[0.006424656603485346, 0.006729532033205032, 0.9986649751663208, 0.007601666729897261]"
339,"[0.011262345127761364, 0.05811009556055069, 0.0008206989150494337, 0.9891118407249451]"
340,"[0.006154793780297041, 0.9992086291313171, 0.004776536952704191, 0.0031249988824129105]"
341,"[0.010827254503965378, 0.006364297587424517, 0.00717542739585042, 0.9988600015640259]"
342,"[0.9977339506149292, 0.005957023706287146, 0.005177229642868042, 0.017193950712680817]"
343,"[0.9968878626823425, 0.005261463578790426, 0.0035791676491498947, 0.03585166856646538]"
344,"[0.00936525035649538, 0.009922871366143227, 0.005669028963893652, 0.9983571171760559]"
345,"[0.9983055591583252, 0.006558741442859173, 0.01271236315369606, 0.00572227593511343]"
346,"[0.005183372646570206, 0.026731275022029877, 0.0028691808693110943, 0.995271623134613]"
347,"[0.005498447921127081, 0.9990718364715576, 0.005162585061043501, 0.0037813130766153336]"
348,"[0.00397906918078661, 0.9987398982048035, 0.005990421399474144, 0.0038296140264719725]"
349,"[0.0033645029179751873, 0.998694121837616, 0.004194682464003563, 0.004899261984974146]"
350,"[0.01761009730398655, 0.5683791041374207, 0.0008512616623193026, 0.9432888031005859]"
351,"[0.04678912088274956, 0.001063814852386713, 0.00879843719303608, 0.9903486967086792]"
352,"[0.015306951478123665, 0.00709881354123354, 0.006120283156633377, 0.9988698363304138]"
353,"[0.009940257295966148, 0.00639524357393384, 0.00806649960577488, 0.9985364675521851]"
354,"[0.998583197593689, 0.007791285403072834, 0.004659891594201326, 0.017972301691770554]"
355,"[0.005389398895204067, 0.015152608044445515, 0.011548886075615883, 0.9981788396835327]"
356,"[0.013317914679646492, 0.042736269533634186, 0.008403086103498936, 0.9990472197532654]"
357,"[0.009742050431668758, 0.005494519602507353, 0.009337116964161396, 0.9988672733306885]"
358,"[0.003369969315826893, 0.9988987445831299, 0.006213685497641563, 0.0030977893620729446]"
359,"[0.9965811371803284, 0.0343121737241745, 0.011491421610116959, 0.0015917669516056776]"
360,"[0.9983121156692505, 0.007686690427362919, 0.007237240672111511, 0.00826526340097189]"
361,"[0.9985665678977966, 0.006644766312092543, 0.010840852744877338, 0.006601459812372923]"
362,"[0.006449623499065638, 0.014915279112756252, 0.9980674386024475, 0.0038850242272019386]"
363,"[0.9985009431838989, 0.006254294421523809, 0.011575131677091122, 0.00636717164888978]"
364,"[0.9759926199913025, 0.9429132342338562, 0.001073172315955162, 0.9656594395637512]"
365,"[0.006209599319845438, 0.9991440773010254, 0.0036747339181602, 0.0033143784385174513]"
366,"[0.9984403252601624, 0.007365452591329813, 0.012232300825417042, 0.006376986857503653]"
367,"[0.0037813237868249416, 0.9990814924240112, 0.005909211002290249, 0.004249781835824251]"
368,"[0.006547184195369482, 0.9991974234580994, 0.0042573693208396435, 0.00284065050072968]"
369,"[0.00615387549623847, 0.9991605281829834, 0.004121291916817427, 0.0038296300917863846]"
370,"[0.9812778830528259, 0.007818329147994518, 0.05208493396639824, 0.004460178781300783]"
371,"[0.9285785555839539, 0.0004599464882630855, 0.061581388115882874, 0.0626688152551651]"
372,"[0.008392824791371822, 0.006611965596675873, 0.008411900140345097, 0.9988189339637756]"
373,"[0.7537298798561096, 0.013605290092527866, 0.0016293165972456336, 0.9954383969306946]"
374,"[0.008315274491906166, 0.006514338310807943, 0.00947572197765112, 0.9987986087799072]"
375,"[0.053252287209033966, 0.0023186421021819115, 0.006503579672425985, 0.9920449256896973]"
376,"[0.008840749971568584, 0.006706292741000652, 0.008578226901590824, 0.9988852143287659]"
377,"[0.01809615083038807, 0.00629944633692503, 0.008489817380905151, 0.9991135001182556]"
378,"[0.009371711872518063, 0.007990144193172455, 0.007836675271391869, 0.9988454580307007]"
379,"[0.013306948356330395, 0.005740043707191944, 0.00821969285607338, 0.9980461597442627]"
380,"[0.010235575959086418, 0.0042772009037435055, 0.010097185149788857, 0.998618483543396]"
381,"[0.010199181735515594, 0.003935498651117086, 0.007974192500114441, 0.9979737401008606]"
382,"[0.007913623005151749, 0.006827827543020248, 0.010237705893814564, 0.9989234805107117]"
383,"[0.01032684650272131, 0.005806125700473785, 0.008091804571449757, 0.998683750629425]"
384,"[0.010033614933490753, 0.007356473710387945, 0.007198134437203407, 0.9989516735076904]"
385,"[0.49315112829208374, 0.003016697010025382, 0.002013221848756075, 0.9852022528648376]"
386,"[0.006191549822688103, 0.009814589284360409, 0.009036657400429249, 0.9988899827003479]"
387,"[0.00773962726816535, 0.004255643114447594, 0.01098698377609253, 0.997936487197876]"
388,"[0.015826381742954254, 0.004495805129408836, 0.007734260521829128, 0.9986938834190369]"
389,"[0.009303637780249119, 0.004951365292072296, 0.008699462749063969, 0.9985961318016052]"
390,"[0.00740421237424016, 0.005799328442662954, 0.010444140061736107, 0.9987504482269287]"
391,"[0.9981130361557007, 0.006221425253897905, 0.007860397920012474, 0.0070489211939275265]"
392,"[0.0037405791226774454, 0.9987389445304871, 0.0064523834735155106, 0.0024184242356568575]"
393,"[0.006940475199371576, 0.004458650015294552, 0.9982722997665405, 0.008935656398534775]"
394,"[0.06199551373720169, 0.007245995569974184, 0.0037744364235550165, 0.9985972046852112]"
395,"[0.9010549187660217, 0.0026334705762565136, 0.002251808764412999, 0.8612608909606934]"
396,"[0.0007915832684375346, 0.20932292938232422, 0.034901320934295654, 0.8069508671760559]"
397,"[0.9977781176567078, 0.006135617382824421, 0.018016783520579338, 0.004475002642720938]"
398,"[0.006489585619419813, 0.011265765875577927, 0.9979598522186279, 0.0040132044814527035]"
399,"[0.9984921216964722, 0.0057721324265003204, 0.011416762135922909, 0.007003786042332649]"
400,"[0.017339570447802544, 0.00366695923730731, 0.9962103366851807, 0.0052593303844332695]"
401,"[0.9939237236976624, 0.0050678374245762825, 0.005390502978116274, 0.12443679571151733]"
402,"[0.004796748515218496, 0.9991807341575623, 0.004406001418828964, 0.0032114326022565365]"
403,"[0.005100553389638662, 0.9992395639419556, 0.004796489141881466, 0.003458867548033595]"
404,"[0.003431596327573061, 0.9979032278060913, 0.01068367250263691, 0.0022189051378518343]"
405,"[0.011186334304511547, 0.9990322589874268, 0.0034200262743979692, 0.0031073607970029116]"
406,"[0.005116995424032211, 0.999292254447937, 0.004209281411021948, 0.0037066645454615355]"
407,"[0.9975935816764832, 0.02447991631925106, 0.004522088449448347, 0.004188724793493748]"
408,"[0.9985299110412598, 0.007126774173229933, 0.010374004952609539, 0.005339739378541708]"
409,"[0.9983193278312683, 0.006217022426426411, 0.0100685004144907, 0.005959235597401857]"
410,"[0.004776079207658768, 0.9989325404167175, 0.0059240758419036865, 0.002243463648483157]"
411,"[0.008057408966124058, 0.9927666187286377, 0.00255622249096632, 0.006757712457329035]"
412,"[0.005020723212510347, 0.9991554021835327, 0.0051566376350820065, 0.0027355316560715437]"
413,"[0.002484853146597743, 0.9964404702186584, 0.021418437361717224, 0.001309890067204833]"
414,"[0.998496413230896, 0.006291622295975685, 0.010982519015669823, 0.006652421783655882]"
415,"[0.9984520673751831, 0.00666480977088213, 0.008702206425368786, 0.007296042982488871]"
416,"[0.003030523657798767, 0.9985418319702148, 0.00848369486629963, 0.0028129257261753082]"
417,"[0.010079698637127876, 0.9992097616195679, 0.00336249521933496, 0.01439360249787569]"
418,"[0.9954804182052612, 0.03572815656661987, 0.00950593501329422, 0.0020638578571379185]"
419,"[0.5166659951210022, 0.9783998727798462, 0.003930110018700361, 0.000637890596408397]"
420,"[0.9970128536224365, 0.005715221166610718, 0.0033497263211756945, 0.037853896617889404]"
421,"[0.9978699684143066, 0.010426732711493969, 0.012285623699426651, 0.0035515185445547104]"
422,"[0.004146227613091469, 0.9967106580734253, 0.010004036128520966, 0.002073068870231509]"
423,"[0.740276038646698, 0.9459676146507263, 0.004911521449685097, 0.0012982819462195039]"
424,"[0.004790124483406544, 0.8980103135108948, 0.0004859011678490788, 0.3886968493461609]"
425,"[0.0038317174185067415, 0.9986943602561951, 0.004630014766007662, 0.003863512072712183]"
426,"[0.4253920018672943, 0.9811392426490784, 0.004365106578916311, 0.000688841741066426]"
427,"[0.0061002797447144985, 0.9989386200904846, 0.005201451480388641, 0.0025194904301315546]"
428,"[0.00441066175699234, 0.9989884495735168, 0.006299369037151337, 0.0027023362927138805]"
429,"[0.9982675313949585, 0.008312185294926167, 0.008247010409832, 0.007102236617356539]"
430,"[0.006974074523895979, 0.006681881379336119, 0.9985815286636353, 0.006058650091290474]"
431,"[0.004233693704009056, 0.0039113773964345455, 0.9969315528869629, 0.015649495646357536]"
432,"[0.010926727205514908, 0.007042592391371727, 0.9987572431564331, 0.0053564757108688354]"
433,"[0.011105358600616455, 0.007279398385435343, 0.9986461997032166, 0.0052772872149944305]"
434,"[0.03757164999842644, 0.0027970699593424797, 0.9952250719070435, 0.0033659515902400017]"
435,"[0.004624085500836372, 0.014643150381743908, 0.9976722598075867, 0.004485404584556818]"
436,"[0.007618581876158714, 0.011468952521681786, 0.005236963275820017, 0.9970203042030334]"
437,"[0.001966858981177211, 0.06220141425728798, 0.0037836292758584023, 0.9913290739059448]"
438,"[0.009554249234497547, 0.0051397234201431274, 0.011008970439434052, 0.9988986253738403]"
439,"[0.06199551373720169, 0.007245995569974184, 0.0037744364235550165, 0.9985972046852112]"
440,"[0.06199551373720169, 0.007245995569974184, 0.0037744364235550165, 0.9985972046852112]"
441,"[0.006371719762682915, 0.004399279598146677, 0.9980679154396057, 0.010971088893711567]"
442,"[0.004683679901063442, 0.0042503527365624905, 0.9978733062744141, 0.013668190687894821]"
443,"[0.007499141152948141, 0.004715517163276672, 0.9981476068496704, 0.007619814947247505]"
444,"[0.0017734296852722764, 0.0012364767026156187, 0.38988906145095825, 0.9562578797340393]"
445,"[0.012070439755916595, 0.0019403351470828056, 0.012671414762735367, 0.9933187961578369]"
446,"[0.012283585965633392, 0.004209509119391441, 0.008812320418655872, 0.9982592463493347]"
447,"[0.008929607458412647, 0.004974321462213993, 0.011540219187736511, 0.9988529682159424]"
448,"[0.020456362515687943, 0.009367741644382477, 0.006445952691137791, 0.9992552399635315]"
449,"[0.013922599144279957, 0.004950650967657566, 0.004510002210736275, 0.9953259229660034]"
450,"[0.006799627561122179, 0.9990587830543518, 0.005740144290030003, 0.002637611934915185]"
451,"[0.0039841653779149055, 0.9991773962974548, 0.0059674945659935474, 0.0034015276469290257]"
452,"[0.010050243698060513, 0.006207766477018595, 0.00868858490139246, 0.9989233613014221]"
453,"[0.006818966940045357, 0.9993170499801636, 0.006026502698659897, 0.0037295634392648935]"
454,"[0.004688691347837448, 0.9990097284317017, 0.004931864328682423, 0.002982540987432003]"
455,"[0.006730622611939907, 0.9981789588928223, 0.00701897731050849, 0.0019008973613381386]"
456,"[0.9829088449478149, 0.49018704891204834, 0.00338146835565567, 0.0011554368538782]"
457,"[0.9983605742454529, 0.0071810451336205006, 0.007914816960692406, 0.007821404375135899]"
458,"[0.041951458901166916, 0.0042470102198421955, 0.003563851583749056, 0.9977841973304749]"
459,"[0.9979925155639648, 0.004475223831832409, 0.010589656420052052, 0.007782251574099064]"
460,"[0.9979078769683838, 0.0067139132879674435, 0.0065081468783319, 0.009429676458239555]"
461,"[0.9981999397277832, 0.005193776451051235, 0.008902868255972862, 0.007670210674405098]"
462,"[0.9983862638473511, 0.006084519904106855, 0.008975413627922535, 0.0074652452021837234]"
463,"[0.9975019097328186, 0.0057921214029192924, 0.008088750764727592, 0.00906998198479414]"
464,"[0.9927071928977966, 0.0222720168530941, 0.04710622876882553, 0.0008100491832010448]"
465,"[0.9983904361724854, 0.006709621287882328, 0.006445201579481363, 0.010578355751931667]"
466,"[0.9984440207481384, 0.011764026246964931, 0.005789611954241991, 0.007460381835699081]"
467,"[0.008131655864417553, 0.007538773585110903, 0.9985824823379517, 0.005537622608244419]"
468,"[0.01161747146397829, 0.9967283010482788, 0.005451357923448086, 0.001708674943074584]"
469,"[0.007506416644901037, 0.006344900932163, 0.9987433552742004, 0.006731346715241671]"
470,"[0.005990035366266966, 0.003281382378190756, 0.9975398778915405, 0.013652976602315903]"
471,"[0.007342514116317034, 0.06952139735221863, 0.01914665289223194, 0.08904063701629639]"
472,"[0.008552405051887035, 0.005869696848094463, 0.9985974431037903, 0.006280824542045593]"
473,"[0.010746907442808151, 0.99937504529953, 0.0033449630718678236, 0.008182033896446228]"
474,"[0.998496413230896, 0.006291622295975685, 0.010982519015669823, 0.006652421783655882]"
475,"[0.01606096886098385, 0.00527705904096365, 0.0074517326429486275, 0.9989151954650879]"
476,"[0.005975580774247646, 0.007691511418670416, 0.011890732683241367, 0.9984982013702393]"
477,"[0.013801749795675278, 0.006356923375278711, 0.007168175652623177, 0.9990026354789734]"
478,"[0.012458455748856068, 0.006116325501352549, 0.007740096189081669, 0.9989784955978394]"
479,"[0.9759926199913025, 0.9429132342338562, 0.001073172315955162, 0.9656594395637512]"
480,"[0.004187291022390127, 0.998969554901123, 0.004354539327323437, 0.0043944017961621284]"
481,"[0.006390778813511133, 0.9990435242652893, 0.004157773684710264, 0.003748259972780943]"
482,"[0.9983468055725098, 0.005925556179136038, 0.008479825221002102, 0.007869916968047619]"
483,"[0.9984676241874695, 0.006546753458678722, 0.005451383534818888, 0.01643741875886917]"
484,"[0.0035869514103978872, 0.9983653426170349, 0.006520151626318693, 0.0047545344568789005]"
485,"[0.006818966940045357, 0.9993170499801636, 0.006026502698659897, 0.0037295634392648935]"
486,"[0.525208055973053, 0.9725168943405151, 0.0018917019478976727, 0.0026035704649984837]"
487,"[0.004149865824729204, 0.9963752627372742, 0.002837556414306164, 0.026012102141976357]"
488,"[0.014280450530350208, 0.9942483901977539, 0.0010063142981380224, 0.7370191812515259]"
489,"[0.004381431732326746, 0.9989812970161438, 0.0056215799413621426, 0.002698518568649888]"
490,"[0.00430134404450655, 0.9991957545280457, 0.005140598397701979, 0.0035079943481832743]"
491,"[0.0048917243257164955, 0.9993589520454407, 0.004145659040659666, 0.004608119837939739]"
492,"[0.9987842440605164, 0.009462020359933376, 0.004257003776729107, 0.03222762048244476]"
493,"[0.005700728856027126, 0.9990953207015991, 0.00552161643281579, 0.0027900338172912598]"
494,"[0.004588914103806019, 0.9991877675056458, 0.004942314699292183, 0.0035615309607237577]"
495,"[0.9968333840370178, 0.005035549867898226, 0.036675285547971725, 0.0021616595331579447]"
496,"[0.0046316892839968204, 0.9988645315170288, 0.006777184084057808, 0.0022495139855891466]"
497,"[0.00829030480235815, 0.9980656504631042, 0.0021038444247096777, 0.004287120886147022]"
498,"[0.9295521974563599, 0.003652042243629694, 0.002045013476163149, 0.8686264753341675]"
499,"[0.010810301639139652, 0.009578823111951351, 0.9980359673500061, 0.002910968381911516]"
500,"[0.00530485762283206, 0.9992532134056091, 0.007850668393075466, 0.0029072752222418785]"
501,"[0.004504465032368898, 0.9988870024681091, 0.0038887911941856146, 0.003100115340203047]"
502,"[0.998450756072998, 0.005992355290800333, 0.009021501988172531, 0.007887446321547031]"
503,"[0.0044799679890275, 0.9992517828941345, 0.004511229228228331, 0.00373465521261096]"
504,"[0.005182978697121143, 0.9992714524269104, 0.004097617231309414, 0.003766220761463046]"
505,"[0.004819416906684637, 0.998872697353363, 0.005892171990126371, 0.0036042025312781334]"
506,"[0.0053214579820632935, 0.9993447661399841, 0.0038965099956840277, 0.004260329529643059]"
507,"[0.0036152591928839684, 0.9990304708480835, 0.008648633025586605, 0.002803170820698142]"
508,"[0.16054721176624298, 0.9967638254165649, 0.0023250265512615442, 0.0014928871532902122]"
509,"[0.9951921701431274, 0.14641858637332916, 0.003075700020417571, 0.0024983850307762623]"
510,"[0.0036266411188989878, 0.9988191723823547, 0.006196189671754837, 0.0030029905028641224]"
511,"[0.042081546038389206, 0.0196234080940485, 0.005865235347300768, 0.9986646175384521]"
512,"[0.027370451018214226, 0.9979732632637024, 0.0034778716508299112, 0.004973861388862133]"
513,"[0.9601059556007385, 0.15361037850379944, 0.0007724958122707903, 0.01503338385373354]"
514,"[0.9900623559951782, 0.004093581344932318, 0.0019279784755781293, 0.26525506377220154]"
515,"[0.002827222691848874, 0.15244461596012115, 0.5981134176254272, 0.003027869388461113]"
516,"[0.009555323980748653, 0.9989909529685974, 0.003555018687620759, 0.0023579911794513464]"
517,"[0.9778438806533813, 0.4629073143005371, 0.002342135878279805, 0.0016098744235932827]"
518,"[0.0036254830192774534, 0.9990966320037842, 0.0057794987224042416, 0.003197275334969163]"
519,"[0.7494593858718872, 0.9903837442398071, 0.0020065000280737877, 0.0017104579601436853]"
520,"[0.006514143198728561, 0.9989149570465088, 0.004220124334096909, 0.0023914091289043427]"
521,"[0.27982422709465027, 0.987021267414093, 0.0007865397492423654, 0.005132297053933144]"
522,"[0.989488422870636, 0.023192305117845535, 0.02412327192723751, 0.0015217519830912352]"
523,"[0.013612248003482819, 0.9938062429428101, 0.022927377372980118, 0.0004784566117450595]"
524,"[0.895958423614502, 0.7911027073860168, 0.003822932718321681, 0.001251509878784418]"
525,"[0.9906134605407715, 0.10882033407688141, 0.00607128394767642, 0.0012728954898193479]"
526,"[0.004363117273896933, 0.9987825751304626, 0.005745109636336565, 0.002278110943734646]"
527,"[0.0059383888728916645, 0.9990090131759644, 0.006347036454826593, 0.00333346426486969]"
528,"[0.014300110749900341, 0.9985822439193726, 0.008608883246779442, 0.001361407688818872]"
529,"[0.9982929825782776, 0.006159267853945494, 0.012105573900043964, 0.006168962921947241]"
530,"[0.9984217882156372, 0.007637922186404467, 0.009993708692491055, 0.00533273397013545]"
531,"[0.9984111785888672, 0.006784441880881786, 0.010738798417150974, 0.00615588529035449]"
532,"[0.013637074269354343, 0.007171097677201033, 0.9985039234161377, 0.003678040811792016]"
533,"[0.9978495836257935, 0.004584109876304865, 0.014381895773112774, 0.005067551042884588]"
534,"[0.008685464039444923, 0.007055736146867275, 0.9984866380691528, 0.005603373982012272]"
535,"[0.008470311760902405, 0.0073766205459833145, 0.9988069534301758, 0.005474884994328022]"
536,"[0.22741475701332092, 0.007331813219934702, 0.9931309819221497, 0.004575712140649557]"
537,"[0.013266258873045444, 0.005530759692192078, 0.9986997842788696, 0.004344413056969643]"
538,"[0.010761349461972713, 0.005395011976361275, 0.9986839890480042, 0.005309905391186476]"
539,"[0.9962319731712341, 0.003014844609424472, 0.060305751860141754, 0.00336464517749846]"
540,"[0.014102066867053509, 0.0056127021089196205, 0.9986823201179504, 0.004759787581861019]"
541,"[0.007889782078564167, 0.006867022719234228, 0.9988011121749878, 0.0068765864707529545]"
542,"[0.018048956990242004, 0.00461241090670228, 0.9984222650527954, 0.004575006198137999]"
543,"[0.011517796665430069, 0.006795211229473352, 0.9987146854400635, 0.005307306535542011]"
544,"[0.9983620047569275, 0.006865943316370249, 0.00805125292390585, 0.007702273316681385]"
545,"[0.00758645823225379, 0.007117525674402714, 0.9986714124679565, 0.00572092505171895]"
546,"[0.008882107213139534, 0.006700917147099972, 0.9988024234771729, 0.0060871560126543045]"
547,"[0.1274905502796173, 0.0025605675764381886, 0.0057929502800107, 0.9964051246643066]"
548,"[0.009961334988474846, 0.006270211655646563, 0.9986771941184998, 0.005504278466105461]"
549,"[0.007970043458044529, 0.0064934780821204185, 0.9987753033638, 0.0064666997641325]"
550,"[0.007348414044827223, 0.0057887420989573, 0.998588502407074, 0.0068619162775576115]"
551,"[0.006607807707041502, 0.0070388587191700935, 0.998691737651825, 0.008460914716124535]"
552,"[0.008013024926185608, 0.006391636095941067, 0.9987050294876099, 0.0061311498284339905]"
553,"[0.9983881711959839, 0.006348708178848028, 0.009330286644399166, 0.00718577578663826]"
554,"[0.9921631217002869, 0.17314602434635162, 0.003498914884403348, 0.0018275289330631495]"
555,"[0.9982860684394836, 0.0054336958564817905, 0.009450425393879414, 0.007003023289144039]"
556,"[0.03586059436202049, 0.003625443670898676, 0.9977184534072876, 0.00320149096660316]"
557,"[0.00686497101560235, 0.007271958980709314, 0.9987772107124329, 0.00734622310847044]"
558,"[0.008560122922062874, 0.007835855707526207, 0.9987486600875854, 0.005066649988293648]"
559,"[0.9940243363380432, 0.003524491796270013, 0.20266485214233398, 0.0022665553260594606]"
560,"[0.9959725737571716, 0.0037391858641058207, 0.09824242442846298, 0.0018124326597899199]"
561,"[0.013608240522444248, 0.005376965273171663, 0.9986863732337952, 0.004983896389603615]"
562,"[0.007140672765672207, 0.009534792974591255, 0.9987660646438599, 0.00560154439881444]"
563,"[0.015474017709493637, 0.005821687169373035, 0.9986569881439209, 0.005009171552956104]"
564,"[0.015582419000566006, 0.009980300441384315, 0.9973828196525574, 0.002603088738396764]"
565,"[0.007805955596268177, 0.014065624214708805, 0.9985231757164001, 0.00469176983460784]"
566,"[0.9447032809257507, 0.0021600432228296995, 0.6628502011299133, 0.0018134129932150245]"
567,"[0.006938776466995478, 0.012072008103132248, 0.9985085129737854, 0.004919388797134161]"
568,"[0.9939303398132324, 0.0035381971392780542, 0.10482852905988693, 0.0021468154154717922]"
569,"[0.008069217205047607, 0.007613572292029858, 0.9987902045249939, 0.006708071567118168]"
570,"[0.006913105491548777, 0.005205793306231499, 0.998389720916748, 0.007779247593134642]"
571,"[0.008352945558726788, 0.0058906045742332935, 0.9985426664352417, 0.006667954847216606]"
572,"[0.005949489306658506, 0.006787389051169157, 0.9986013770103455, 0.01099592074751854]"
573,"[0.007779052946716547, 0.007657275069504976, 0.9988133907318115, 0.006941858679056168]"
574,"[0.010010981000959873, 0.005801255814731121, 0.9986963868141174, 0.005425517912954092]"
575,"[0.006617768667638302, 0.004745290149003267, 0.998175859451294, 0.009058131836354733]"
576,"[0.01298741064965725, 0.004492522217333317, 0.9984564781188965, 0.0056840418837964535]"
577,"[0.0074060456827282906, 0.007017964031547308, 0.9987348914146423, 0.006183626130223274]"
