index,logits
0,"[0.9993534684181213, 9.699703696242068e-06, 1.0042306712421123e-05, 0.7029704451560974]"
1,"[0.9995304346084595, 0.0032046791166067123, 0.0008457573712803423, 0.00175941432826221]"
2,"[0.006530064158141613, 0.0011462315451353788, 0.9996527433395386, 0.0011497429804876447]"
3,"[2.9875533073209226e-05, 0.9999964237213135, 0.00025615267804823816, 5.491163028636947e-05]"
4,"[0.9982708692550659, 0.0001514320174464956, 0.2536129653453827, 0.000364628474926576]"
5,"[0.9996080994606018, 0.0004544926341623068, 0.00013098031922709197, 0.004141613375395536]"
6,"[0.007180715445429087, 0.07000966370105743, 0.9953411817550659, 0.00041044573299586773]"
7,"[0.00020070119353476912, 0.00012149832036811858, 3.7340532799134962e-06, 0.9999992847442627]"
8,"[0.012297802604734898, 0.001593755092471838, 9.053341636899859e-05, 0.9986255168914795]"
9,"[0.00010269942140439525, 0.00035009265411645174, 0.00018681836081668735, 0.9999984502792358]"
10,"[0.0002303087676409632, 0.000678456446621567, 0.0006507207290269434, 0.9999262094497681]"
11,"[0.00027134959236718714, 0.00011877992801601067, 3.606790414778516e-05, 0.9999957084655762]"
12,"[0.0004402701451908797, 0.03010169416666031, 2.837279225786915e-06, 0.9997860789299011]"
13,"[0.0011720380280166864, 0.0017906789435073733, 0.00031982013024389744, 0.9997766613960266]"
14,"[0.9999879598617554, 7.454053729816223e-07, 2.1763773929706076e-06, 0.7389492392539978]"
15,"[6.63179816910997e-05, 0.9999922513961792, 3.0444252843153663e-05, 0.0001745062181726098]"
16,"[0.0011045286664739251, 0.9996569156646729, 0.00015855803212616593, 0.0037819903809577227]"
17,"[0.008934698067605495, 0.0007943477248772979, 4.955696203978732e-05, 0.9989381432533264]"
18,"[0.0002646651992108673, 0.00021806525182910264, 0.0006163233192637563, 0.9999902248382568]"
19,"[0.0001274442911380902, 0.9999828338623047, 4.900742169411387e-06, 0.005797205958515406]"
20,"[0.00012774468632414937, 0.9999955892562866, 4.975946922058938e-06, 0.0009680755902081728]"
21,"[0.0018598674796521664, 0.00048576827975921333, 0.00012422227882780135, 0.9998045563697815]"
22,"[0.001314481720328331, 0.9998258948326111, 5.8150020777247846e-05, 0.0009593095746822655]"
23,"[0.0006166796665638685, 0.0009430593345314264, 0.0008490490145049989, 0.9999579191207886]"
24,"[0.00015999306924641132, 0.003998900763690472, 6.016435145284049e-05, 0.9998437166213989]"
25,"[7.183847628766671e-05, 3.685291449073702e-05, 2.4764838599367067e-05, 0.999991774559021]"
26,"[2.893535202019848e-05, 0.00012495159171521664, 4.715543127531419e-06, 0.9999994039535522]"
27,"[4.1801136831054464e-05, 2.1794825443066657e-05, 3.7811249057995155e-05, 0.9999998807907104]"
28,"[0.0005542458384297788, 0.2818484902381897, 4.282690952095436e-06, 0.9920262694358826]"
29,"[0.9953076243400574, 0.00017762280185706913, 5.394704930949956e-05, 0.04349682480096817]"
30,"[0.9997468590736389, 1.1885264029842801e-05, 1.0943799679807853e-05, 0.39088186621665955]"
31,"[0.000357346871169284, 0.9926196932792664, 0.0001722654269542545, 0.44602206349372864]"
32,"[0.00033631492988206446, 0.9998615980148315, 6.458585994550958e-05, 0.005090746097266674]"
33,"[0.0017805683892220259, 0.0006959788734093308, 0.00022558298951480538, 0.9999252557754517]"
34,"[0.004277355503290892, 0.00044104858534410596, 0.26213836669921875, 0.7204295992851257]"
35,"[0.0007928967825137079, 0.00048609878285788, 0.9696797132492065, 0.5122902989387512]"
36,"[8.016365609364584e-05, 0.9999476671218872, 5.2569088438758627e-05, 0.0028741033747792244]"
37,"[0.0011697827139869332, 0.0006293116603046656, 0.0003186793765053153, 0.9994613528251648]"
38,"[0.0001952112215803936, 0.00020337384194135666, 0.00021961201855447143, 0.9999960660934448]"
39,"[0.9999992847442627, 9.218898640028783e-07, 1.7202986782649532e-05, 0.32086634635925293]"
40,"[7.470454147551209e-05, 0.00023242253519129008, 4.499634087551385e-05, 0.9999972581863403]"
41,"[0.0002754142915364355, 0.0011147987097501755, 1.5761188478791155e-05, 0.999995231628418]"
42,"[0.0004501067742239684, 0.0017026786226779222, 0.0006423293962143362, 0.9999001026153564]"
43,"[5.963790317764506e-05, 6.998699973337352e-05, 2.5911969714798033e-05, 0.9999994039535522]"
44,"[0.0011111382627859712, 0.0184295866638422, 0.0005398497451096773, 0.9989708662033081]"
45,"[0.0002247146185254678, 0.00020171493815723807, 1.741258893162012e-05, 0.9999986886978149]"
46,"[0.0003196034231223166, 0.9999793767929077, 8.473852358292788e-05, 0.00028309979825280607]"
47,"[2.281267734360881e-05, 0.9999970197677612, 0.0001479411293985322, 0.000503713556099683]"
48,"[0.4499675929546356, 0.9966000914573669, 3.00053829960234e-06, 3.9046226447680965e-05]"
49,"[0.028352485969662666, 0.999962568283081, 1.9651063212222653e-06, 3.529547757352702e-05]"
50,"[0.9999922513961792, 0.0003890942607540637, 8.40549182612449e-06, 0.0013832299737259746]"
51,"[0.000264961359789595, 0.9999850988388062, 9.73944625002332e-05, 0.00039377863868139684]"
52,"[2.1442063371068798e-05, 0.9984851479530334, 0.08694570511579514, 0.00496920058503747]"
53,"[0.004300955682992935, 0.9990719556808472, 0.00033916786196641624, 0.00967575702816248]"
54,"[0.00012520361633505672, 0.9999984502792358, 9.622347533877473e-06, 3.900331284967251e-05]"
55,"[0.009320273995399475, 0.9999592304229736, 5.193816832615994e-06, 4.265194365871139e-05]"
56,"[0.0003166384994983673, 0.9999710321426392, 4.415486182551831e-05, 0.00032603766885586083]"
57,"[0.0023160846903920174, 0.9992087483406067, 0.0024893830996006727, 0.0016977173509076238]"
58,"[0.0019331722287461162, 0.7199203372001648, 3.758236198336817e-05, 0.7157989144325256]"
59,"[0.046744562685489655, 0.9957960844039917, 0.00022822842583991587, 0.00044634469668380916]"
60,"[0.0013287883484736085, 0.9998518228530884, 0.0002837096690200269, 0.0006407739128917456]"
61,"[1.606881050975062e-05, 3.662706876639277e-05, 1.2501254786911886e-05, 0.9999998807907104]"
62,"[0.4775867462158203, 0.0038820491172373295, 3.7023793993284926e-05, 0.941881000995636]"
63,"[0.00022797482961323112, 0.9999775886535645, 0.00010845854558283463, 0.000347622437402606]"
64,"[0.0004481923533603549, 0.999910831451416, 1.1088915016443934e-05, 0.0021469390485435724]"
65,"[0.9999887943267822, 0.005744714755564928, 1.6365527699235827e-05, 1.485197208239697e-05]"
66,"[0.00013185902207624167, 0.9999895095825195, 5.128727480041562e-06, 0.0002417234209133312]"
67,"[0.00020620333089027554, 0.9999288320541382, 0.00023492965556215495, 0.001219555619172752]"
68,"[0.0011836461490020156, 0.9999803304672241, 1.164422974397894e-05, 8.735676237847656e-05]"
69,"[0.9994358420372009, 0.003340951632708311, 0.0015485590556636453, 0.000286606140434742]"
70,"[0.0002703734498936683, 0.9999996423721313, 7.691083737881854e-06, 4.1566639993106946e-05]"
71,"[0.0006439046701416373, 0.9205419421195984, 4.407715823617764e-05, 0.9544696807861328]"
72,"[0.05846192315220833, 0.9709563851356506, 8.566130418330431e-07, 0.024667076766490936]"
73,"[0.0001933751773322001, 0.9998728036880493, 0.002211583312600851, 0.002237865701317787]"
74,"[7.67350138630718e-05, 0.9998401403427124, 0.03477942571043968, 0.000905001477804035]"
75,"[0.999758780002594, 0.00038707576459273696, 0.0004590325115714222, 0.002202991396188736]"
76,"[0.9996439218521118, 0.0030181948095560074, 0.00014373274461831897, 0.0005548267508856952]"
77,"[0.9926538467407227, 0.679692268371582, 5.031534965382889e-05, 9.27561050048098e-05]"
78,"[0.995101273059845, 0.5121890902519226, 0.0002190490486100316, 3.3905424061231315e-05]"
79,"[5.021799370297231e-05, 6.046175622032024e-05, 6.41489532426931e-05, 0.9999996423721313]"
80,"[0.00013934665184933692, 0.9999878406524658, 1.1608959539444186e-05, 0.00010919087799265981]"
81,"[0.9991821646690369, 0.004560033790767193, 0.0020310392137616873, 0.0003494945995043963]"
82,"[0.0005699165631085634, 0.9997749924659729, 0.001289725536480546, 0.000834107690025121]"
83,"[0.00010907732939813286, 0.9999579191207886, 0.00011669658124446869, 0.0008430386078543961]"
84,"[0.9999767541885376, 0.00012582297495100647, 0.0011466766009107232, 0.00021064429893158376]"
85,"[3.0238612453103997e-05, 0.9999959468841553, 3.710413147928193e-05, 0.00010149782610824332]"
86,"[1.3772375496046152e-05, 0.999998927116394, 2.0588975530699827e-05, 0.00010595648200251162]"
87,"[0.9999009370803833, 0.18506720662117004, 2.0935449356329627e-06, 8.962147148849908e-06]"
88,"[1.5337043805629946e-05, 0.9999980926513672, 0.0001107871430576779, 0.00017835597100201994]"
89,"[7.710977661190554e-05, 0.9999699592590332, 0.0005153295351192355, 0.00021030196512583643]"
90,"[5.4477051889989525e-05, 0.9999991655349731, 9.193031291943043e-05, 3.308133454993367e-05]"
91,"[0.00011125698802061379, 0.9999350309371948, 0.0006137075833976269, 0.00586214754730463]"
92,"[4.3026066123275086e-05, 0.999995231628418, 0.00024668825790286064, 4.556563726509921e-05]"
93,"[0.999983549118042, 0.0002051103365374729, 0.00045325938845053315, 0.0002172902604797855]"
94,"[0.0010822208132594824, 0.9997149109840393, 0.0006598629988729954, 0.0013791529927402735]"
95,"[0.0002657051372807473, 0.9984252452850342, 0.0003036601992789656, 0.023161090910434723]"
96,"[0.0997573584318161, 0.9947361350059509, 0.00047849834663793445, 0.000667957472614944]"
97,"[0.0004503990348894149, 0.9998012185096741, 0.0006849705241620541, 0.00256994622759521]"
98,"[5.069748658570461e-05, 0.0008642580942250788, 0.9999934434890747, 4.5071366912452504e-05]"
99,"[0.000272682897048071, 0.9999568462371826, 0.000167828518897295, 0.00040507171070203185]"
100,"[0.001366819953545928, 0.9999428987503052, 2.6143305149162188e-05, 0.00034409918589517474]"
101,"[0.00396437244489789, 0.999962329864502, 7.296919648069888e-05, 0.00011541859566932544]"
102,"[0.000543527421541512, 0.9998014569282532, 0.0004798412264790386, 0.0023261106107383966]"
103,"[7.18978262739256e-05, 0.999995231628418, 5.77803875785321e-05, 0.0001294535759370774]"
104,"[0.9938920736312866, 0.00010016959276981652, 4.0141117096936796e-07, 0.9489036202430725]"
105,"[0.002471183892339468, 0.13747325539588928, 0.000703866477124393, 0.9826139807701111]"
106,"[0.0005191356176510453, 0.9998739957809448, 0.0004980737576261163, 0.001271700719371438]"
107,"[0.0003028324863407761, 0.9999920129776001, 1.6767666238592938e-05, 5.36519473826047e-05]"
108,"[0.00041878846241161227, 0.9884839653968811, 0.018211480230093002, 0.021244559437036514]"
109,"[1.3457487511914223e-05, 0.999995231628418, 0.00012886228796560317, 0.00037074656574986875]"
110,"[0.0001585527352290228, 0.9999895095825195, 3.7076584703754634e-05, 0.00012704012624453753]"
111,"[0.00021485619072336704, 0.9999754428863525, 0.00026645397883839905, 0.00035674424725584686]"
112,"[4.566394636640325e-05, 0.9999932050704956, 7.370686944341287e-05, 0.0004435445589479059]"
113,"[6.1029044445604086e-05, 0.9999715089797974, 0.0001669454068178311, 0.00041640319977886975]"
114,"[7.849214307498187e-05, 0.00023343300563283265, 0.0010171346366405487, 0.999996542930603]"
115,"[0.9966457486152649, 0.0008719752659089863, 0.00012219032214488834, 0.11559243500232697]"
116,"[0.00016917893663048744, 0.9999828338623047, 3.0222094210330397e-05, 0.0003706221468746662]"
117,"[0.0060890656895935535, 0.9998132586479187, 0.00022892099514137954, 0.0001666373573243618]"
118,"[7.499804632971063e-05, 0.9999994039535522, 1.490614977228688e-05, 5.3581643442157656e-05]"
119,"[0.002033505355939269, 0.9999668598175049, 2.5363624445162714e-06, 0.00013119095820002258]"
120,"[0.0019566435366868973, 0.9999867677688599, 2.591290694908821e-06, 0.000165788660524413]"
121,"[0.004879611078649759, 0.0017876923084259033, 0.0011017024517059326, 0.999357283115387]"
122,"[0.00022638817608822137, 0.9998145699501038, 0.0002734837762545794, 0.0013927759137004614]"
123,"[0.11015360057353973, 0.9992930889129639, 1.8151824406231754e-05, 6.155919254524633e-05]"
124,"[0.004045308101922274, 0.9996341466903687, 0.0005882605328224599, 0.00043639945215545595]"
125,"[0.00038436282193288207, 0.9998952150344849, 0.00023624414461664855, 0.0008383155218325555]"
126,"[0.010926769115030766, 0.9998024106025696, 0.00022598271607421339, 9.748217416927218e-05]"
127,"[0.0006759233656339347, 0.9999439716339111, 0.000990467262454331, 0.00032104909769259393]"
128,"[0.0003883525787387043, 0.999910831451416, 0.00015437559341080487, 0.0014832421438768506]"
129,"[2.699796823435463e-05, 0.000240935361944139, 1.560712917125784e-05, 0.9999967813491821]"
130,"[0.003176476340740919, 0.052797283977270126, 0.9939243197441101, 0.0004884604131802917]"
131,"[0.00141720415558666, 0.0012622541980817914, 0.0002716602466534823, 0.9997231364250183]"
132,"[0.14113155007362366, 3.92525689676404e-05, 0.00038941617822274566, 0.9973458647727966]"
133,"[0.0007867073290981352, 0.0010397140868008137, 0.004653945565223694, 0.9995383024215698]"
134,"[0.00011489184544188902, 0.0005823735264129937, 3.9308793930104e-05, 0.999993085861206]"
135,"[0.0005669422098435462, 0.9999710321426392, 8.733553113415837e-05, 0.000311903131660074]"
136,"[0.0006913727847859263, 0.001042908988893032, 0.0012901322916150093, 0.999956488609314]"
137,"[0.011402331292629242, 0.9993670582771301, 2.4046201360761188e-05, 0.0008815989713184536]"
138,"[0.9999973773956299, 1.1361421456967946e-06, 7.738242857158184e-06, 0.012464229948818684]"
139,"[0.9970237612724304, 7.214458150883729e-07, 3.782419980780105e-06, 0.9565264582633972]"
140,"[0.9999961853027344, 8.864368282957003e-06, 6.253176252357662e-05, 0.004669960588216782]"
141,"[0.00024011988716665655, 0.00198472966440022, 0.00020199784194119275, 0.9998465776443481]"
142,"[0.9996064305305481, 3.5846946957462933e-06, 1.1280297940174933e-06, 0.8682113885879517]"
143,"[0.999360978603363, 0.003130608471110463, 3.6727915357914753e-06, 0.0034640012308955193]"
144,"[0.02403070591390133, 0.0002682883641682565, 0.00012023802264593542, 0.9967262744903564]"
145,"[0.0014301695628091693, 0.00828166026622057, 1.6720896383048967e-05, 0.9993669390678406]"
146,"[0.9996681213378906, 0.004456631373614073, 0.00038868849514983594, 0.000496711814776063]"
147,"[0.006427140906453133, 0.03692884370684624, 0.00010775498230941594, 0.9866726398468018]"
148,"[0.45638447999954224, 0.0531974658370018, 0.1163039281964302, 0.0006458960706368089]"
149,"[0.9947602152824402, 0.013582534156739712, 0.0007989007863216102, 0.011944670230150223]"
150,"[0.008078278973698616, 0.0014856947818771005, 0.0023364326916635036, 0.9985211491584778]"
151,"[0.9978358149528503, 0.0009857752593234181, 0.0012287807185202837, 0.013738694600760937]"
152,"[0.9967949986457825, 0.5142314434051514, 9.594574657967314e-05, 5.124870585859753e-05]"
153,"[0.0025146000552922487, 0.0004417872114572674, 8.720120968064293e-05, 0.9995599389076233]"
154,"[0.9992468357086182, 0.0013876012526452541, 0.00046751293120905757, 0.0012814518995583057]"
155,"[0.9992517828941345, 0.001867681392468512, 0.0001820014585973695, 0.001432541524991393]"
156,"[0.9999687671661377, 0.00012252471060492098, 6.472125096479431e-05, 0.0009040008881129324]"
157,"[0.10344327986240387, 0.00019959417113568634, 0.006612385623157024, 0.9657514691352844]"
158,"[0.9987407326698303, 0.00025503779761493206, 0.00012711876479443163, 0.04574437439441681]"
159,"[0.9999192953109741, 6.022325032972731e-05, 1.706248804111965e-05, 0.026157982647418976]"
160,"[0.0024796167854219675, 0.0006721388199366629, 0.0010989864822477102, 0.9993206262588501]"
161,"[0.6613182425498962, 0.8900468349456787, 1.907968908199109e-05, 0.0006025252514518797]"
162,"[0.0009851749055087566, 0.0004337191057857126, 0.0020848221611231565, 0.9998999834060669]"
163,"[0.0019345150794833899, 0.003835954936221242, 0.0017068133456632495, 0.9978128671646118]"
164,"[0.03237941488623619, 9.187738760374486e-05, 0.0006176778697408736, 0.9980762004852295]"
165,"[0.9992709755897522, 0.08010659366846085, 9.639491327106953e-05, 7.351839303737506e-05]"
166,"[0.9997833371162415, 0.0024755746126174927, 0.0005861329264007509, 0.0005104328156448901]"
167,"[0.9999861717224121, 5.941787821939215e-05, 0.0003519975580275059, 0.00023383843654301018]"
168,"[0.9985771179199219, 0.013290136121213436, 0.009654014371335506, 0.0003415420651435852]"
169,"[0.9998600482940674, 0.0001574897178215906, 0.0006164058577269316, 0.001397824613377452]"
170,"[0.9998112320899963, 0.00041511611198075116, 0.00032556182122789323, 0.0017417754279449582]"
171,"[0.9998680353164673, 0.0009473084937781096, 0.0003454006800893694, 0.0007486383547075093]"
172,"[0.0006800897535867989, 0.00018741424719337374, 0.00011692982661770657, 0.9999735355377197]"
173,"[0.025342369452118874, 9.821696585277095e-05, 0.9996522665023804, 0.0010297999251633883]"
174,"[0.9999573230743408, 0.00023428007261827588, 7.404652933473699e-06, 0.003301142016425729]"
175,"[0.002311649499461055, 0.0010845719370990992, 0.001647565746679902, 0.9998321533203125]"
176,"[0.0007331088418141007, 0.0002808624994941056, 0.00011666764476103708, 0.9999299049377441]"
177,"[0.00034967370447702706, 0.0011026017600670457, 0.0002641655446495861, 0.9998743534088135]"
178,"[0.999966025352478, 0.0003385427698958665, 8.001960668480024e-05, 0.00017714669229462743]"
179,"[0.9947443008422852, 2.8203401143400697e-06, 6.425284936995013e-06, 0.9442546367645264]"
180,"[0.9997095465660095, 0.00011567442561499774, 0.00014829392603132874, 0.009773182682693005]"
181,"[0.564893901348114, 0.00017272021796088666, 6.654058961430565e-05, 0.9955036044120789]"
182,"[0.9560789465904236, 3.328243110445328e-05, 4.083090607309714e-05, 0.8955278992652893]"
183,"[0.997118353843689, 1.525985135231167e-05, 4.158967931289226e-05, 0.42026036977767944]"
184,"[0.9989266991615295, 0.0005354119348339736, 0.0001816761796362698, 0.00932292453944683]"
185,"[0.9999978542327881, 1.8416298189549707e-05, 6.771437620045617e-05, 0.0001439414918422699]"
186,"[5.3928019042359665e-05, 2.480544389982242e-05, 5.783870801678859e-05, 0.9999998807907104]"
187,"[0.9982894062995911, 0.21736451983451843, 2.3825516109354794e-05, 0.00019904511282220483]"
188,"[0.956392765045166, 9.797656093724072e-05, 2.361924089200329e-05, 0.8378649353981018]"
189,"[0.9997875094413757, 0.00026481744134798646, 0.00027991406386718154, 0.002350395545363426]"
190,"[0.00020993973885197192, 0.9918083548545837, 0.5425765514373779, 0.0003021985467057675]"
191,"[0.0008494410431012511, 0.0018889011116698384, 0.9996837377548218, 0.0060446192510426044]"
192,"[0.0007852562121115625, 0.0027227585669606924, 0.9991520643234253, 0.004065943416208029]"
193,"[0.017279863357543945, 0.9981334805488586, 0.0008411157177761197, 0.0010059549240395427]"
194,"[0.001611090381629765, 0.0016634206986054778, 0.9999192953109741, 0.0013539792271330953]"
195,"[0.11092124134302139, 0.9809510707855225, 0.006435541436076164, 0.000501715112477541]"
196,"[0.0011217352002859116, 0.0032818629406392574, 0.9991525411605835, 0.0027523140888661146]"
197,"[0.9991369843482971, 0.09981603920459747, 0.0001405380025971681, 0.00017971225315704942]"
198,"[0.001530383015051484, 0.9999154806137085, 0.00043136393651366234, 0.0002211838582297787]"
199,"[0.9873487949371338, 0.000349233130691573, 0.8528885841369629, 8.185490150935948e-05]"
200,"[0.0013837373116984963, 0.003950045444071293, 0.9984145164489746, 0.005850298795849085]"
201,"[0.0031201387755572796, 0.9994743466377258, 0.0068519567139446735, 0.00010988715075654909]"
202,"[0.999991774559021, 0.0001996796199819073, 0.0001088424032786861, 0.00010700229904614389]"
203,"[0.9999778270721436, 1.8831979105016217e-05, 9.236949699698016e-05, 0.010047814808785915]"
204,"[0.9998749494552612, 9.632168075768277e-05, 0.00014413913595490158, 0.002919932594522834]"
205,"[0.9994414448738098, 0.0007152807665988803, 0.0009917940478771925, 0.0019187168218195438]"
206,"[0.9999841451644897, 2.4209335606428795e-05, 4.152797191636637e-05, 0.01491196546703577]"
207,"[0.9998902082443237, 0.00013725315511692315, 0.00013660021068062633, 0.0023953618947416544]"
208,"[0.999951958656311, 0.00018898998678196222, 7.384730270132422e-05, 0.0005182286840863526]"
209,"[0.9994691014289856, 0.00031455938005819917, 0.001033564331009984, 0.004804551601409912]"
210,"[0.002616562182083726, 0.0006260772352106869, 0.002096466487273574, 0.9993988275527954]"
211,"[0.996759831905365, 0.00029749548411928117, 0.000991698121652007, 0.05009559169411659]"
212,"[0.9995278120040894, 5.253390918369405e-05, 0.0057602133601903915, 0.0034828102216124535]"
213,"[0.9999850988388062, 4.481391442823224e-05, 8.507873644703068e-06, 0.007867533713579178]"
214,"[0.05068385228514671, 0.0008720305631868541, 0.00017267969087697566, 0.9880695939064026]"
215,"[0.9874646663665771, 0.21230171620845795, 0.0008815544424578547, 2.2521033315570094e-05]"
216,"[0.9998623132705688, 0.0004414668364915997, 0.00011244705092394724, 0.0025154673494398594]"
217,"[0.5351942777633667, 0.00015713614993728697, 0.00014897948130965233, 0.989738404750824]"
218,"[0.9997952580451965, 7.209170871647075e-05, 0.00016154564218595624, 0.003350652754306793]"
219,"[0.9999876022338867, 1.1750371413654648e-05, 6.596167168027023e-06, 0.002196901710703969]"
220,"[0.9990829229354858, 0.0007810217794030905, 0.003655515844002366, 0.0033076354302465916]"
221,"[0.9941738247871399, 0.013451761566102505, 0.0022195365745574236, 0.004351057577878237]"
222,"[0.9996023774147034, 0.00015602519852109253, 0.02237328514456749, 0.0004699859127867967]"
223,"[0.9998251795768738, 0.0003324961580801755, 0.00048366759438067675, 0.0015820347471162677]"
224,"[0.9998144507408142, 0.00016768855857662857, 1.9682665879372507e-05, 0.0016934169689193368]"
225,"[0.9992445707321167, 0.0005392367020249367, 0.002384165534749627, 0.002481865929439664]"
226,"[0.9912773370742798, 0.0017421534284949303, 0.008460486307740211, 0.0029301417525857687]"
227,"[0.0003744811110664159, 0.9999442100524902, 5.2577157475752756e-05, 0.00024743404355831444]"
228,"[0.5898382067680359, 0.0014856692869216204, 0.0002643756743054837, 0.9486619830131531]"
229,"[0.9995167255401611, 0.011487218551337719, 0.00018306680431123823, 0.0016643854323774576]"
230,"[0.9991148114204407, 0.04588700830936432, 0.00030051576322875917, 0.0006573253194801509]"
231,"[0.9999533891677856, 0.002095770090818405, 0.00013362703612074256, 0.00010108220885740593]"
232,"[0.9999781847000122, 0.0002147591148968786, 0.0009607143583707511, 0.0004623397544492036]"
233,"[1.0, 2.4845853658916894e-06, 7.808906229911372e-05, 0.0001696385006653145]"
234,"[0.9934479594230652, 0.25214430689811707, 0.00016767911438364536, 0.0009165210649371147]"
235,"[0.9998188614845276, 0.043315451592206955, 2.573419624241069e-05, 6.956401921343058e-05]"
236,"[0.9997171759605408, 8.083779539447278e-05, 0.003382191527634859, 0.0047692954540252686]"
237,"[0.9998810291290283, 1.2101369975425769e-05, 5.962101568002254e-05, 0.15607523918151855]"
238,"[0.00035086984280496836, 0.046477414667606354, 3.0572588002542034e-05, 0.9992402791976929]"
239,"[0.0004560054512694478, 0.008686425164341927, 5.271487316349521e-05, 0.9993830919265747]"
240,"[0.0010265919845551252, 0.0043782684952020645, 0.00010722240403993055, 0.9988234639167786]"
241,"[0.00020026630954816937, 0.0005612743552774191, 4.184281351626851e-05, 0.9999872446060181]"
242,"[7.788974471623078e-05, 6.5578606154304e-05, 1.2121422514610458e-05, 0.9999997615814209]"
243,"[0.000832792604342103, 0.0004901055945083499, 3.332498454255983e-05, 0.9999973773956299]"
244,"[0.0048491014167666435, 0.001244461047463119, 0.0005017086514271796, 0.9989832043647766]"
245,"[0.00010330889199394733, 0.00012306496500968933, 0.00034285467700101435, 0.9999951124191284]"
246,"[1.7493663108325563e-05, 4.427486419444904e-05, 3.427456977078691e-05, 1.0]"
247,"[0.0006960180471651256, 0.999812662601471, 2.941329512395896e-05, 0.0013361190212890506]"
248,"[0.0012949161464348435, 0.002081728307530284, 7.580406963825226e-05, 0.9998306035995483]"
249,"[0.0004711189540103078, 0.000919658865313977, 0.00011193175305379555, 0.9998799562454224]"
250,"[0.00022157329658512026, 0.0006477425922639668, 0.00028251661569811404, 0.9999794960021973]"
251,"[0.0002554045058786869, 0.0026686519850045443, 0.002012397162616253, 0.9999830722808838]"
252,"[0.0007642931304872036, 0.014371856115758419, 0.0003104115603491664, 0.9994028806686401]"
253,"[0.04115829989314079, 0.00032588138128630817, 2.678135388123337e-06, 0.9999797344207764]"
254,"[0.0005643005133606493, 0.005620150826871395, 0.0003925588389392942, 0.9996393918991089]"
255,"[0.00021653702424373478, 0.00022051340783946216, 4.655255179386586e-05, 0.9999980926513672]"
256,"[8.833947504172102e-05, 0.9999938011169434, 3.4922530176118016e-05, 0.00015009463822934777]"
257,"[0.0010027053067460656, 0.0028736030217260122, 0.000580554420594126, 0.999792754650116]"
258,"[7.787823051330633e-06, 0.0001481418585171923, 0.00011591900693019852, 0.9999991655349731]"
259,"[0.0003285763959866017, 0.0007614625501446426, 0.000697850831784308, 0.9999593496322632]"
260,"[9.983564086724073e-05, 0.0005546490428969264, 0.00011723393981810659, 0.999966025352478]"
261,"[0.00046330082113854587, 0.9345705509185791, 0.00019198023073840886, 0.751627504825592]"
262,"[0.005247356835752726, 0.00019200493989046663, 6.800937626394443e-06, 0.9999885559082031]"
263,"[8.0393765529152e-05, 9.59463886829326e-06, 1.8819268007064238e-05, 1.0]"
264,"[0.0005140028079040349, 0.006755469832569361, 1.263814829144394e-05, 0.999754011631012]"
265,"[0.028514539822936058, 0.0002599030558485538, 8.45766464863118e-07, 0.9999765157699585]"
266,"[0.0002190632512792945, 5.345472163753584e-05, 2.1644595108227804e-05, 0.9999992847442627]"
267,"[0.0009484970360063016, 0.0010335559491068125, 8.115392847685143e-05, 0.9997614026069641]"
268,"[6.691397720715031e-05, 0.00023694637638982385, 6.9850379077252e-05, 0.9999961853027344]"
269,"[0.00040997471660375595, 0.00012495707778725773, 8.506023732479662e-06, 0.9999980926513672]"
270,"[0.002755325986072421, 0.0012247185222804546, 0.00020693818805739284, 0.9997923970222473]"
271,"[0.0021274660248309374, 0.00013420010509435087, 0.00024149952514562756, 0.9999570846557617]"
272,"[0.03181431442499161, 5.54059115529526e-05, 9.205165952153038e-06, 0.9999957084655762]"
273,"[0.7366278767585754, 9.602620411897078e-05, 0.00011777334293583408, 0.9861836433410645]"
274,"[0.0016728265909478068, 0.00018918397836387157, 2.0827552361879498e-05, 0.9999856948852539]"
275,"[0.21540133655071259, 4.602948592946632e-06, 4.4143034756416455e-06, 0.9999834299087524]"
276,"[0.9998996257781982, 0.00013568525901064277, 4.28706371167209e-05, 0.0029120701365172863]"
277,"[0.06741143763065338, 0.009715979918837547, 4.857181920669973e-06, 0.9922266006469727]"
278,"[0.002685611369088292, 0.00032084411941468716, 0.00029115736833773553, 0.9999157190322876]"
279,"[0.0002594563993625343, 1.5259080100804567e-05, 3.4357035474386066e-05, 0.9999996423721313]"
280,"[0.00041948549915105104, 0.0019314885139465332, 0.000143500481499359, 0.999896764755249]"
281,"[0.9999542236328125, 5.138043707120232e-05, 0.00019889921532012522, 0.0012255125911906362]"
282,"[0.0005781165673397481, 0.0004145495477132499, 0.00021015983656980097, 0.9999651908874512]"
283,"[0.00035741314059123397, 0.00027465124730952084, 0.00015137658920139074, 0.9999552965164185]"
284,"[0.001574495923705399, 0.0005451768520288169, 0.0009057567222043872, 0.9994447827339172]"
285,"[2.960135134344455e-05, 3.054283661185764e-05, 3.717904837685637e-05, 0.9999998807907104]"
286,"[0.0012699514627456665, 0.005685815587639809, 0.00027703368687070906, 0.9996048808097839]"
287,"[0.0001710765645839274, 0.0003537188458722085, 0.00018567666120361537, 0.9999890327453613]"
288,"[0.0001874237204901874, 0.0018154692370444536, 1.4388060662895441e-05, 0.9999474287033081]"
289,"[0.0008752780267968774, 0.002174209803342819, 0.0006204764358699322, 0.9996607303619385]"
290,"[1.768711445038207e-05, 0.9999972581863403, 6.175303860800341e-05, 0.00019521868671290576]"
291,"[0.0002484538417775184, 0.9999934434890747, 1.8995013306266628e-05, 0.00013452746497932822]"
292,"[0.00011004171392414719, 0.9999125003814697, 0.00010156656207982451, 0.001821373705752194]"
293,"[8.00497509771958e-05, 0.9999992847442627, 9.413228326593526e-06, 5.239372330834158e-05]"
294,"[0.0006496771238744259, 0.9998408555984497, 0.01616930216550827, 2.5913277568179183e-06]"
295,"[0.0001857329480117187, 0.9999620914459229, 7.079679926391691e-05, 0.0007951706065796316]"
296,"[0.9993820190429688, 0.19978085160255432, 4.748666924569989e-06, 2.8862843464594334e-05]"
297,"[0.0015030375216156244, 0.9997746348381042, 0.00039521994767710567, 0.0009318530210293829]"
298,"[0.00033535444526933134, 0.9999692440032959, 0.00015974839334376156, 0.00011846276902360842]"
299,"[0.00035754640703089535, 0.9998674392700195, 0.00021549957455135882, 0.001210904447361827]"
300,"[0.00026994457584805787, 0.9998962879180908, 0.00033230692497454584, 0.0005530408234335482]"
301,"[0.0005478715756908059, 0.9990817308425903, 0.00033732849988155067, 0.008596373721957207]"
302,"[5.1608934882096946e-05, 0.9999940395355225, 0.0001537100615678355, 0.00014776687021367252]"
303,"[8.793021152087022e-06, 0.999997615814209, 0.00017249654047191143, 0.000399182055843994]"
304,"[0.010238154791295528, 0.9998704195022583, 3.203877349733375e-05, 0.0001013471555779688]"
305,"[0.9999921321868896, 1.6696483726263978e-05, 1.55628385982709e-05, 0.0001809776877053082]"
306,"[0.00012237070768605918, 0.9999634027481079, 0.0010401251493021846, 0.0009175310842692852]"
307,"[0.00018408711184747517, 0.9996469020843506, 5.537902325158939e-05, 0.003920137882232666]"
308,"[0.00020855174807365984, 0.9999845027923584, 1.06818906715489e-05, 0.0008662265026941895]"
309,"[0.3129274547100067, 0.9900098443031311, 0.00046527342055924237, 5.2262683311710134e-05]"
310,"[0.0019816122949123383, 0.9999879598617554, 1.2476624760893174e-05, 1.6182562831090763e-05]"
311,"[0.00019113729649689049, 0.999998927116394, 8.876431820681319e-06, 6.051309173926711e-05]"
312,"[0.0004704002640210092, 0.9999581575393677, 6.31024013273418e-05, 0.00014204571198206395]"
313,"[0.10450205951929092, 0.9960852861404419, 0.0007465986418537796, 8.721808990230784e-05]"
314,"[0.0011759457411244512, 0.998528242111206, 7.592995098093525e-05, 0.0011907184962183237]"
315,"[5.57842904527206e-05, 0.9999915361404419, 0.0001331075472990051, 0.00025296141393482685]"
316,"[0.0001948660792550072, 0.9998583793640137, 0.001358000678010285, 0.00175252347253263]"
317,"[0.00016782963939476758, 0.9999666213989258, 6.036787453922443e-06, 0.0005944787990301847]"
318,"[0.9996044039726257, 0.5873498320579529, 2.469268736149388e-07, 1.971170786418952e-05]"
319,"[0.9993976354598999, 0.014240935444831848, 9.53015114646405e-05, 0.0003366877499502152]"
320,"[0.9999175071716309, 0.0008083420107141137, 9.244263492291793e-05, 0.00032877540797926486]"
321,"[0.025266436859965324, 0.0005930473562330008, 0.9999831914901733, 1.8844901887860033e-06]"
322,"[0.009425514377653599, 0.9999902248382568, 1.1115606866951566e-05, 1.0396434845461044e-05]"
323,"[0.0039046097081154585, 0.9997767806053162, 2.8999300411669537e-05, 0.00044090900337323546]"
324,"[6.080450930312509e-06, 0.9999982118606567, 0.00010714788368204609, 9.186082024825737e-05]"
325,"[0.0003309651219751686, 0.9998501539230347, 0.0008974364609457552, 0.0008628881187178195]"
326,"[0.001967695076018572, 0.9996161460876465, 7.300267316168174e-05, 0.0002421704848529771]"
327,"[0.0005325396195985377, 0.9999516010284424, 0.0006165251252241433, 0.0007453463622368872]"
328,"[0.00011268858361290768, 0.9999961853027344, 2.4855646188370883e-05, 7.555264164693654e-05]"
329,"[0.5612248182296753, 0.8740734457969666, 0.0001355375861749053, 0.009703654795885086]"
330,"[0.0005933860084041953, 0.9999104738235474, 0.000152831562445499, 0.0012184660881757736]"
331,"[0.01777258887887001, 0.9988112449645996, 0.00029572949279099703, 0.0003334615321364254]"
332,"[0.005615122150629759, 0.9999802112579346, 5.165890615899116e-05, 1.002052340481896e-05]"
333,"[0.0003959003952331841, 0.9999520778656006, 0.00021658554032910615, 0.0009612711728550494]"
334,"[0.00033298309426754713, 0.9997319579124451, 0.0008753113215789199, 0.0020695982966572046]"
335,"[0.005259514786303043, 0.9997838139533997, 7.824753993190825e-05, 0.00023497175425291061]"
336,"[0.0012384894071146846, 0.9992396831512451, 0.001495192525908351, 0.0026151661295443773]"
337,"[0.0002209433587267995, 0.9999008178710938, 0.0009063364705070853, 0.0013386268401518464]"
338,"[0.000978258321993053, 0.9994921684265137, 0.0013195391511544585, 0.003994313068687916]"
339,"[0.0006249285070225596, 0.9997047781944275, 0.0016665520379319787, 0.0015709245344623923]"
340,"[0.0002220082824351266, 0.9999760389328003, 0.0003713893238455057, 0.0006502994801849127]"
341,"[0.010716123506426811, 0.9989620447158813, 0.0014056627405807376, 0.001729691750369966]"
342,"[0.013403878547251225, 8.91045419848524e-05, 0.0007020041230134666, 0.9998935461044312]"
343,"[0.00026310308021493256, 0.9999618530273438, 0.00022117648040875793, 0.00040467182407155633]"
344,"[0.17726020514965057, 0.06531675904989243, 0.18011049926280975, 0.02784232422709465]"
345,"[0.0003374817897565663, 0.9999943971633911, 4.362415347713977e-05, 2.497518653399311e-05]"
346,"[0.0005204279441386461, 0.9992446899414062, 0.0012572549749165773, 0.0048284088261425495]"
347,"[0.031472980976104736, 0.9967615008354187, 0.0003840260615106672, 0.00024895014939829707]"
348,"[2.9515997084672563e-05, 0.9999961853027344, 7.000281766522676e-05, 0.00010106399713549763]"
349,"[0.0007996007334440947, 0.9998096823692322, 0.0004972922033630311, 0.0010644681751728058]"
350,"[0.0007008052780292928, 0.9997377991676331, 0.0004245517775416374, 0.0014459656085819006]"
351,"[0.004241598770022392, 0.9998704195022583, 0.0001703447342151776, 0.0005608467618003488]"
352,"[0.00021744384139310569, 0.9999152421951294, 0.00010822124022524804, 0.0010818388545885682]"
353,"[0.9999945163726807, 0.00016254255024250597, 3.169875344610773e-05, 0.00046739689423702657]"
354,"[0.9467202425003052, 0.0005132561782374978, 8.526441524736583e-05, 0.9222543835639954]"
355,"[0.011258719488978386, 0.9981266856193542, 0.002123525831848383, 0.0020401128567755222]"
356,"[0.003502969164401293, 0.9997690320014954, 2.084855987050105e-05, 0.00047928671119734645]"
357,"[0.9998156428337097, 0.00016045107622630894, 0.00023686213535256684, 0.0037279052194207907]"
358,"[0.999957799911499, 0.00039133269456215203, 2.935456359409727e-05, 0.00029261779855005443]"
359,"[0.9905717372894287, 0.22117456793785095, 0.00010310349898645654, 0.000650235335342586]"
360,"[0.9989826083183289, 0.025659099221229553, 0.002345234388485551, 2.6473544494365342e-05]"
361,"[0.9997969269752502, 0.00014146880130283535, 4.682405779021792e-05, 0.006051843054592609]"
362,"[0.9933678507804871, 0.4675286114215851, 9.665882680565119e-05, 7.804722554283217e-05]"
363,"[0.9992720484733582, 0.0005564815364778042, 0.0011437992798164487, 0.0023469049483537674]"
364,"[0.9998892545700073, 0.00025424559134989977, 0.0003077741712331772, 0.00039276506868191063]"
365,"[0.010066447779536247, 0.9996728897094727, 0.00017301294428762048, 0.0003802715218625963]"
366,"[0.9962565898895264, 0.0007854645955376327, 0.002491773571819067, 0.005099203437566757]"
367,"[0.9999576807022095, 6.201944052008912e-05, 4.075364995514974e-05, 0.0003637746849562973]"
368,"[0.9996216297149658, 0.003202423918992281, 6.404809391824529e-05, 0.005761721171438694]"
369,"[0.9983524084091187, 0.045805733650922775, 0.0002595063706394285, 0.0004634735523723066]"
370,"[0.9998829364776611, 0.0001655987580306828, 0.000404710037400946, 0.0008671783143654466]"
371,"[0.9996216297149658, 0.0005425246199592948, 0.00015394239744637161, 0.002581618493422866]"
372,"[0.9997714161872864, 0.0001594343048054725, 0.00035668452619574964, 0.002510381629690528]"
373,"[0.9996720552444458, 0.0004151146858930588, 0.00021041606669314206, 0.0016721959691494703]"
374,"[0.9861680865287781, 0.00020434358157217503, 0.0001873574365163222, 0.47802606225013733]"
375,"[0.9991651773452759, 0.0006797898095101118, 0.0011859190417453647, 0.0017559070838615298]"
376,"[0.9823846220970154, 0.7302446365356445, 4.9600741476751864e-05, 9.418451372766867e-05]"
377,"[0.9999803304672241, 0.0003729570016730577, 3.1852207030169666e-05, 0.0006525925709865987]"
378,"[0.9996918439865112, 0.0008541250135749578, 0.0005745654343627393, 0.004716651979833841]"
379,"[0.9986168146133423, 0.0013513730373233557, 0.003274317365139723, 0.00148290884681046]"
380,"[0.9999980926513672, 0.00010801175085362047, 3.6052447285328526e-06, 0.00012328496086411178]"
381,"[0.9999804496765137, 8.349502422788646e-06, 0.002316411817446351, 0.00048535631503909826]"
382,"[0.9996860027313232, 2.317302096344065e-05, 0.004239342175424099, 0.0010225572623312473]"
383,"[0.9989433884620667, 0.0002738597395364195, 0.016401277855038643, 0.0003009501378983259]"
384,"[0.9947592616081238, 0.00014930102042853832, 0.2205899953842163, 0.00019701906421687454]"
385,"[0.9969424605369568, 0.0007586273713968694, 0.0003480209852568805, 0.03034551814198494]"
386,"[0.00023841620713938028, 0.9999557733535767, 0.00033480513957329094, 0.002194461412727833]"
387,"[0.9999995231628418, 6.658146594418213e-05, 8.070359399425797e-06, 0.001027420163154602]"
388,"[0.0011331819696351886, 0.2508086562156677, 0.953738272190094, 0.001335117151029408]"
389,"[0.0014660813612863421, 0.16614292562007904, 0.9911683797836304, 0.0011720145121216774]"
390,"[0.0026056314818561077, 0.9998655319213867, 0.00046175328316166997, 0.0009474727557972074]"
391,"[0.9615835547447205, 0.8950431942939758, 6.2076364883978385e-06, 5.715003135264851e-05]"
392,"[0.0027579935267567635, 0.9999459981918335, 0.0001349562080577016, 5.136039908393286e-05]"
393,"[0.9997360110282898, 0.0026789719704538584, 0.00012388042523525655, 0.000894059136044234]"
394,"[0.9952355027198792, 0.43547776341438293, 5.055144356447272e-05, 8.084627916105092e-05]"
395,"[0.9995703101158142, 0.0022027965169399977, 0.0006741465185768902, 0.0011366296093910933]"
396,"[0.9999986886978149, 6.611680146306753e-05, 0.00015987198275979608, 0.00011213065590709448]"
397,"[0.0006473856046795845, 0.9994862079620361, 0.000509731937199831, 0.0033710759598761797]"
398,"[0.9976709485054016, 0.01179562695324421, 0.0002765122626442462, 0.0008073812932707369]"
399,"[0.18092261254787445, 3.092832412221469e-05, 0.9988658428192139, 0.0003806824970524758]"
400,"[0.0005193271208554506, 0.9996744394302368, 0.0003732609620783478, 0.0006543422932736576]"
401,"[0.9996252059936523, 0.0006556694861501455, 0.0008015342755243182, 0.0026256272103637457]"
402,"[0.9996259212493896, 0.0009022715967148542, 0.0010245484299957752, 0.0034474912099540234]"
403,"[0.00024616546579636633, 0.0008804724202491343, 0.00023819805937819183, 0.9999047517776489]"
404,"[8.40352222439833e-05, 0.0006326863076537848, 0.0003250674344599247, 0.9999926090240479]"
405,"[9.039175893121865e-06, 0.0003304537676740438, 0.00014895419008098543, 0.9999990463256836]"
406,"[0.003391869831830263, 0.001925224089063704, 0.0001929984864545986, 0.9995588660240173]"
407,"[0.002744138240814209, 0.007359601557254791, 0.006908432114869356, 0.9875956773757935]"
408,"[0.00039179183659143746, 0.0005182254244573414, 0.0002717483148444444, 0.999963641166687]"
409,"[0.9993411898612976, 0.00011758953041862696, 0.0008104773005470634, 0.0051833451725542545]"
410,"[0.9987831711769104, 0.0008574147941544652, 0.0014457128709182143, 0.001894962857477367]"
411,"[0.9999659061431885, 0.00012515239359345287, 0.00034198680077679455, 0.0007934236782602966]"
412,"[0.9985083937644958, 0.00035308851511217654, 0.00038002271321602166, 0.012592144310474396]"
413,"[0.003037839662283659, 0.0004138676740694791, 0.9999115467071533, 0.001024872064590454]"
414,"[0.9991371035575867, 5.2033181418664753e-05, 0.002090366091579199, 0.006445039063692093]"
415,"[0.0026341595221310854, 0.9960518479347229, 0.00023411682923324406, 0.004555566236376762]"
416,"[0.0001937542692758143, 0.0006558460299856961, 0.9998942613601685, 0.0012082654284313321]"
417,"[0.00031308020697906613, 0.00011097692913608626, 0.9999809265136719, 0.0004370537353679538]"
418,"[0.0024610760156065226, 0.0043868389911949635, 0.9958005547523499, 0.003881563898175955]"
419,"[0.9999978542327881, 4.096714746992802e-06, 1.8125494534615427e-05, 0.0010712714865803719]"
420,"[0.013948606327176094, 2.41450088651618e-05, 0.00015629769768565893, 0.9999872446060181]"
421,"[0.008511616848409176, 0.0005309598054736853, 0.0005288356333039701, 0.9997498393058777]"
422,"[0.00040495587745681405, 0.0018294487381353974, 0.000663817161694169, 0.9998401403427124]"
423,"[5.412606697063893e-05, 0.00019144080579280853, 7.672484207432717e-05, 0.999997615814209]"
424,"[0.00011390962026780471, 0.0007016001618467271, 0.000581921951379627, 0.9999809265136719]"
425,"[0.0001426474191248417, 3.410457065911032e-05, 2.857603794836905e-05, 0.9999998807907104]"
426,"[0.0004679108678828925, 0.022008297964930534, 0.00014993830700404942, 0.9993908405303955]"
427,"[0.014110236428678036, 0.0105352234095335, 0.0003953657578676939, 0.9975082874298096]"
428,"[0.00046898252912797034, 0.0007016435847617686, 0.0008393104071728885, 0.9999181032180786]"
429,"[0.001597800524905324, 0.00021853356156498194, 0.9996962547302246, 0.005047122947871685]"
430,"[0.9998263716697693, 0.000130440152133815, 0.0063161603175103664, 0.0006701141246594489]"
431,"[0.9999485015869141, 0.0002553268277551979, 0.0001409854885423556, 0.0018528704531490803]"
432,"[6.843905430287123e-05, 0.001375467167235911, 0.9999574422836304, 0.0003704042173922062]"
433,"[0.00014370107965078205, 0.000205727104912512, 0.9999754428863525, 0.0013662647688761353]"
434,"[0.0004339004517532885, 0.0005270986584946513, 0.9974289536476135, 0.10269393026828766]"
435,"[0.0005604048492386937, 0.0060560149140655994, 0.9993255138397217, 0.0017978658434003592]"
436,"[0.00017942837439477444, 0.0009113542037084699, 0.9999027252197266, 0.0011602267622947693]"
437,"[0.0005931796040385962, 0.0027408062014728785, 0.9982113838195801, 0.010100898332893848]"
438,"[0.0013039662735536695, 0.0011696540750563145, 0.9994511008262634, 0.0024397564120590687]"
439,"[0.0004923479864373803, 0.0011112467618659139, 0.9998664855957031, 0.003331913845613599]"
440,"[0.010043968446552753, 0.0011881799437105656, 0.0009241746738553047, 0.998727023601532]"
441,"[7.764220936223865e-05, 0.00036948127672076225, 0.9999669790267944, 0.0013573761098086834]"
442,"[0.9999040365219116, 1.5602068742737174e-05, 2.1368596208048984e-05, 0.031848158687353134]"
443,"[0.9999697208404541, 2.5100851416937076e-05, 5.6393721024505794e-05, 0.002098832977935672]"
444,"[0.00022933563741389662, 0.0004227336903568357, 0.9932454228401184, 0.4097553789615631]"
445,"[0.0005980286514386535, 0.0005114204832352698, 0.9997851252555847, 0.0033715968020260334]"
446,"[0.0005196195561438799, 0.0006521700997836888, 0.9996752738952637, 0.0007851599948480725]"
447,"[0.0032239716965705156, 0.981281578540802, 5.0117763748858124e-05, 0.12579108774662018]"
448,"[0.7415406107902527, 0.9835614562034607, 9.167975804302841e-06, 3.366533201187849e-05]"
449,"[0.0030280076898634434, 0.9993361830711365, 6.940022285562009e-05, 0.0006204986129887402]"
450,"[0.00010774265683721751, 0.0009772712364792824, 1.0395245226391125e-05, 0.9999830722808838]"
451,"[0.0002864130074158311, 0.0028476028237491846, 0.0002648164227139205, 0.9998652935028076]"
452,"[0.9998960494995117, 7.8921380918473e-05, 0.00020826597756240517, 0.0016660983674228191]"
453,"[0.00018092179379891604, 0.9999970197677612, 1.1106346391898114e-05, 0.00021708091662731022]"
454,"[0.0007920929347164929, 0.9995748400688171, 0.0009604947408661246, 0.0015083581674844027]"
455,"[0.00031655700877308846, 0.9999182224273682, 0.00010395091521786526, 0.00031436391873285174]"
456,"[0.000395275535993278, 0.0015520480228587985, 7.260666461661458e-05, 0.9998795986175537]"
457,"[6.955108256079257e-05, 0.000725297664757818, 0.00012254352623131126, 0.9999799728393555]"
458,"[0.999995231628418, 1.814866550375882e-06, 1.0098218808707315e-05, 0.026637272909283638]"
459,"[2.638505247887224e-05, 0.00010620177636155859, 3.8700829463778064e-05, 0.9999994039535522]"
460,"[4.7766665375093e-05, 0.00024253324954770505, 2.6316653020330705e-05, 0.9999947547912598]"
461,"[0.0015232523437589407, 0.0001971293822862208, 0.000306963047478348, 0.9998264908790588]"
462,"[0.002872713841497898, 0.0012455383548513055, 0.0012168799294158816, 0.9986894726753235]"
463,"[0.00012973124103154987, 0.9999438524246216, 0.0002561013970989734, 0.0012154006399214268]"
464,"[0.00019792643433902413, 0.9967845678329468, 4.1000595956575125e-05, 0.10193736106157303]"
465,"[0.999968409538269, 1.9722443539649248e-05, 0.0005493192002177238, 8.908008021535352e-05]"
466,"[0.005797995254397392, 0.0007033937145024538, 0.00034763681469485164, 0.9996144771575928]"
467,"[0.7439083456993103, 2.15135241887765e-06, 4.246940534358146e-06, 0.9999756813049316]"
468,"[0.0017150096828117967, 0.9999176263809204, 2.3026703274808824e-05, 0.00017223965551238507]"
469,"[0.0011977215763181448, 0.9998414516448975, 6.539812602568418e-05, 0.0013819488231092691]"
470,"[0.0015315288910642266, 0.9993876218795776, 0.00010467345418874174, 0.0031305504962801933]"
471,"[0.0005642574978992343, 0.9999581575393677, 0.00013800831220578402, 0.00024609954562038183]"
472,"[0.00042274975567124784, 0.9998928308486938, 0.0003780027909670025, 0.0006151115521788597]"
473,"[0.00014023773837834597, 0.00021558445587288588, 5.6281653087353334e-05, 0.9999840259552002]"
474,"[0.00011703601921908557, 0.0002898928942158818, 0.00019820388115476817, 0.9999939203262329]"
475,"[0.00030605655047111213, 0.0005255372379906476, 0.001140433712862432, 0.9999860525131226]"
476,"[3.019440919160843e-05, 6.954206037335098e-05, 2.7251935534877703e-05, 0.9999996423721313]"
477,"[3.6888708564219996e-05, 0.00027390100876800716, 5.730015254812315e-05, 0.9999960660934448]"
478,"[0.00026375733432359993, 0.0004805175121873617, 0.00017365353414788842, 0.9999517202377319]"
479,"[0.0003457138082012534, 0.001255019917152822, 0.0006858981214463711, 0.9999624490737915]"
480,"[0.00010477441537659615, 0.00031720803235657513, 3.0542312742909417e-05, 0.9999890327453613]"
481,"[0.0017394156893715262, 0.0009756091749295592, 0.0014504545833915472, 0.9998874664306641]"
482,"[0.00010288457269780338, 0.0002874012861866504, 9.783315908862278e-05, 0.9999920129776001]"
483,"[0.0005338182672858238, 0.0010473611764609814, 0.0006591894780285656, 0.9998525381088257]"
484,"[0.0015943051548674703, 0.0016948250122368336, 0.0007431379053741693, 0.9995868802070618]"
485,"[0.00011144534801132977, 0.00021901438594795763, 2.8804630346712656e-05, 0.9999979734420776]"
486,"[0.00011726469529094175, 0.0011546127498149872, 0.00012349475582595915, 0.9999587535858154]"
487,"[0.001768356654793024, 0.00343667296692729, 0.0002217603469034657, 0.9996711015701294]"
488,"[0.0012261646334081888, 0.0019660512916743755, 0.023017140105366707, 0.9985287189483643]"
489,"[0.0032605770975351334, 0.9996888637542725, 1.8431532225804403e-05, 0.0006273387116380036]"
490,"[0.0009332150802947581, 0.9997790455818176, 0.00034612949821166694, 0.0005230705137364566]"
491,"[0.008447999134659767, 5.477376907947473e-05, 1.6429218021585257e-06, 0.9999880790710449]"
492,"[0.9999988079071045, 8.367979717149865e-06, 7.768805517116562e-05, 0.0005824285326525569]"
493,"[0.9999922513961792, 3.2460136480949586e-06, 2.6239197268296266e-06, 0.09872682392597198]"
494,"[0.9981635212898254, 2.0509411115199327e-05, 0.012937663123011589, 0.024707838892936707]"
495,"[0.9999353885650635, 3.246341293561272e-05, 0.00011769172124331817, 0.006615082733333111]"
496,"[0.0001269873173441738, 0.00022175040794536471, 0.0001225866435561329, 0.9999833106994629]"
497,"[0.6783420443534851, 0.0001050230857799761, 2.2478507162304595e-05, 0.9952883720397949]"
498,"[0.9736080765724182, 2.8971717256354168e-05, 5.098974611428275e-07, 0.9987974166870117]"
499,"[0.0006682344246655703, 0.9997422099113464, 0.0005024521378800273, 0.0011629309738054872]"
500,"[0.0008247493533417583, 0.9986773133277893, 0.0010103172389790416, 0.020973853766918182]"
501,"[0.0005863293190486729, 0.9998822212219238, 0.00014237713185139, 0.0005957041867077351]"
502,"[0.0004319348372519016, 0.9997450709342957, 0.0006487710052169859, 0.0017844100948423147]"
503,"[0.00030546801281161606, 0.9999271631240845, 0.0001493105519330129, 0.0006401867140084505]"
504,"[0.0008161312434822321, 0.9986878037452698, 0.000559304840862751, 0.007879095152020454]"
505,"[0.005193253979086876, 0.9994059801101685, 0.00014645321061834693, 0.0010348137002438307]"
506,"[0.9999735355377197, 0.0029893266037106514, 4.211764462525025e-05, 8.592400990892202e-05]"
507,"[0.012308129109442234, 0.9999122619628906, 1.0166225365537684e-05, 0.0003075735585298389]"
508,"[0.001060388283804059, 0.9990918636322021, 0.00042104432941414416, 0.003130020573735237]"
509,"[0.0004201132105663419, 0.9995961785316467, 0.0008486299775540829, 0.007191170006990433]"
510,"[0.0008118794648908079, 0.9996945858001709, 0.00024461967404931784, 0.0025634383782744408]"
511,"[0.00010758209100458771, 0.9999783039093018, 0.00013355225382838398, 0.0020757545717060566]"
512,"[0.0005567054031416774, 0.9997368454933167, 0.0005861877580173314, 0.0026912109460681677]"
513,"[0.0005597443087026477, 0.9994797110557556, 0.0007705684984102845, 0.003969695419073105]"
514,"[0.00016229785978794098, 0.9999369382858276, 8.202109893318266e-05, 0.00035338904126547277]"
515,"[0.0006869588978588581, 0.9993600249290466, 0.0005050098989158869, 0.01314414944499731]"
516,"[0.0008659854647703469, 0.9993163347244263, 0.0007677605608478189, 0.0017484498675912619]"
517,"[0.0020425226539373398, 0.9983513355255127, 0.0013640669640153646, 0.005393837578594685]"
518,"[0.0018573409179225564, 0.9989799857139587, 0.0006334178615361452, 0.001808307832106948]"
519,"[0.0004763739707414061, 0.9999727010726929, 0.00013144538388587534, 2.773104097286705e-05]"
520,"[0.0030358429066836834, 0.0033020377159118652, 0.9994539618492126, 0.0008133468218147755]"
521,"[0.0009291502647101879, 0.0008271316182799637, 0.00040489103412255645, 0.9998205304145813]"
522,"[0.00024046398175414652, 0.0014855036279186606, 0.00010737219417933375, 0.9999017715454102]"
523,"[0.0001511592126917094, 0.0021734433248639107, 0.00010164097329834476, 0.9998252987861633]"
524,"[9.57615629886277e-05, 0.0014633788960054517, 0.0011372804874554276, 0.999972939491272]"
525,"[0.0007719233981333673, 0.002642377745360136, 0.000819582084659487, 0.9995906949043274]"
526,"[2.424596095806919e-05, 0.00013054703595116735, 3.4647175652935402e-06, 0.9999979734420776]"
527,"[2.4805918656056747e-05, 9.452876111026853e-05, 3.5001232845388586e-06, 0.9999979734420776]"
528,"[0.0019333718810230494, 0.9988359808921814, 0.0007361355819739401, 0.00028046942315995693]"
529,"[0.0001850511325756088, 0.9690831899642944, 0.7741309404373169, 0.00016049300029408187]"
530,"[0.00035195660893805325, 0.0013105476973578334, 0.00044967816211283207, 0.9997714161872864]"
531,"[0.0003999362525064498, 0.0015877427067607641, 0.00024007751198951155, 0.9998635053634644]"
532,"[3.237097917008214e-05, 0.00041150132892653346, 0.00021536317944992334, 0.999981164932251]"
533,"[0.0002801668888423592, 0.0032950553577393293, 0.000284221867332235, 0.9996713399887085]"
534,"[0.00023906538262963295, 0.0005986205651424825, 0.00034801053698174655, 0.9999610185623169]"
535,"[0.000561728433240205, 0.9992595314979553, 1.693833473837003e-05, 0.030293943360447884]"
536,"[0.0004243006987962872, 0.9997126460075378, 2.5553543309797533e-05, 0.003771382151171565]"
537,"[8.070262265391648e-05, 0.9999305009841919, 5.663678530254401e-05, 0.0077577861957252026]"
538,"[0.0016136865597218275, 0.999936580657959, 4.4672677177004516e-05, 4.5440054236678407e-05]"
539,"[0.04604673385620117, 0.9977779984474182, 4.003791036666371e-05, 0.0009237665799446404]"
540,"[0.9997124075889587, 0.0001334123662672937, 0.04176726192235947, 0.0012182809878140688]"
541,"[0.9999303817749023, 0.0001490253780502826, 0.00017216084233950824, 0.003227504435926676]"
542,"[0.0004031828138977289, 0.0015675693284720182, 0.9997732043266296, 0.000971836328972131]"
543,"[0.003433163743466139, 0.11869879066944122, 6.43663088339963e-06, 0.915412425994873]"
544,"[0.9995334148406982, 0.0005175585392862558, 0.0001523946993984282, 0.009987901896238327]"
545,"[0.999927282333374, 0.0007669042679481208, 0.00010165106505155563, 0.0028195222839713097]"
546,"[0.9998859167098999, 0.004031809512525797, 3.3357417123625055e-05, 0.0009196079336106777]"
547,"[0.0003613104345276952, 0.016619622707366943, 0.9998225569725037, 0.0002886854053940624]"
548,"[9.43282702792203e-06, 4.062811785843223e-05, 2.8630536689888686e-05, 0.9999998807907104]"
549,"[0.00028171800659038126, 0.00016781217709649354, 0.0002578431158326566, 0.9999942779541016]"
550,"[2.4565160856582224e-05, 0.00016513913578819484, 0.00013455402222461998, 0.9999963045120239]"
551,"[0.00016609135491307825, 0.9999865293502808, 2.3384360247291625e-05, 0.00027349209995009005]"
552,"[0.00018115673447027802, 0.9998935461044312, 0.00034880638122558594, 0.003354905638843775]"
553,"[4.582023757393472e-05, 0.9999752044677734, 9.97290771920234e-05, 0.0008701542392373085]"
554,"[0.0055590406991541386, 0.999832272529602, 1.5229901691782288e-05, 0.00022191919561009854]"
555,"[3.72522163161193e-06, 0.9999997615814209, 6.145730731077492e-05, 3.139433829346672e-05]"
556,"[0.0002608899085316807, 0.9994522929191589, 0.001832701382227242, 0.00041704135946929455]"
557,"[0.0004151972243562341, 0.9999309778213501, 0.00016691660857759416, 0.0009391448693349957]"
558,"[0.00012336575309745967, 0.999961256980896, 0.0007563816616311669, 0.0010683571454137564]"
559,"[0.0017337927129119635, 0.9999338388442993, 0.0002238436572952196, 0.00041555953794158995]"
560,"[0.9830257296562195, 0.46891772747039795, 2.205391865572892e-05, 5.621588934445754e-05]"
561,"[1.1403993994463235e-05, 0.9999986886978149, 0.002500600880011916, 3.4690052416408435e-05]"
562,"[0.0004493719316087663, 0.9999775886535645, 9.464961476624012e-05, 5.956351014901884e-05]"
563,"[0.9996777772903442, 0.0003269375010859221, 0.000938962388318032, 0.001148501643911004]"
564,"[0.0005793739692308009, 0.9995811581611633, 0.0005646575009450316, 0.0014698159648105502]"
565,"[0.0023785594385117292, 0.9995836615562439, 0.0010708444751799107, 0.0018864860758185387]"
566,"[0.0012229739222675562, 0.9999426603317261, 0.00010041394125437364, 0.0002479970862623304]"
567,"[0.9992725253105164, 0.03378972411155701, 2.995761315105483e-05, 0.00041809622780419886]"
568,"[0.00017668245709501207, 0.9999376535415649, 4.860525586991571e-05, 0.0001988717122003436]"
569,"[0.0023200048599392176, 0.9999690055847168, 1.6440862964373082e-06, 0.0007343236939050257]"
570,"[0.00030911952489987016, 0.9999954700469971, 1.557686846354045e-05, 3.978442691732198e-05]"
571,"[9.374634100822732e-05, 0.9999724626541138, 0.0002568249183241278, 0.0016690650954842567]"
572,"[0.0008599241846241057, 0.9992771744728088, 0.0006085060886107385, 0.0029374295845627785]"
573,"[0.0009856311371549964, 0.9990180730819702, 0.0005443663103505969, 0.0031948706600815058]"
574,"[0.0006101583712734282, 0.9998373985290527, 0.00029830436687916517, 0.0005651730461977422]"
575,"[0.004982004873454571, 0.46350643038749695, 0.9966499209403992, 1.3940246390120592e-05]"
576,"[0.0009477576240897179, 0.3785523474216461, 9.692343883216381e-05, 0.9819035530090332]"
577,"[0.41571536660194397, 0.9976359605789185, 2.165349360438995e-05, 0.00017831379955168813]"
578,"[0.00017800564819481224, 0.999981164932251, 0.00013640886754728854, 0.0006163567886687815]"
579,"[0.0007339759031310678, 0.9994907379150391, 0.001234449096955359, 0.001735430909320712]"
580,"[0.00035823590587824583, 0.9998886585235596, 0.0006763976416550577, 0.000991258886642754]"
581,"[0.0016730703646317124, 0.9992589354515076, 0.00043660003575496376, 0.001969972625374794]"
582,"[0.0009665309335105121, 0.9997474551200867, 0.0012699237558990717, 0.0008520489791408181]"
583,"[0.0003834637755062431, 0.9986121654510498, 0.001349062891677022, 0.003359393449500203]"
584,"[0.0001773970143403858, 0.9997997879981995, 0.0015980006428435445, 0.002849936718121171]"
585,"[0.0006407659384422004, 0.9999037981033325, 0.0003104376373812556, 0.0009210996795445681]"
586,"[0.00047193560749292374, 0.9999887943267822, 0.00017735980509314686, 0.0003702164103742689]"
587,"[0.00375909055583179, 0.999184787273407, 0.0002698097669053823, 0.0015947455540299416]"
588,"[0.0006172727444209158, 0.9998747110366821, 0.0001616891095181927, 0.0001980574452318251]"
589,"[0.9999779462814331, 0.000482916715554893, 0.0001705210452200845, 0.0009272926254197955]"
590,"[0.0002225018251920119, 0.9999531507492065, 0.00010254714288748801, 0.001554699381813407]"
591,"[0.00023479977971874177, 0.9999657869338989, 0.0002171947853639722, 0.0005041855620220304]"
592,"[0.01848316751420498, 0.017959026619791985, 0.011749273166060448, 0.11412828415632248]"
593,"[0.00013627807493321598, 0.9999697208404541, 2.90847456199117e-05, 0.0019484700169414282]"
594,"[0.9997642636299133, 4.466893005883321e-05, 0.0406576469540596, 0.0004261379363015294]"
595,"[0.9985927939414978, 0.000172894200659357, 0.01167526189237833, 0.003763394895941019]"
596,"[0.9997461438179016, 0.0004949138383381069, 0.00018845951126422733, 0.0038322850596159697]"
597,"[0.8229690790176392, 6.510430102935061e-05, 0.9988206028938293, 4.363409607321955e-05]"
598,"[0.9993934631347656, 0.005221138242632151, 0.00041525301639921963, 0.0011089736362919211]"
599,"[0.041537296026945114, 0.4794095754623413, 0.8859144449234009, 4.383566920296289e-05]"
600,"[0.9998618364334106, 0.001568792387843132, 0.00026505408459343016, 0.0009914047550410032]"
601,"[0.9998867511749268, 4.378231824375689e-05, 0.002432635286822915, 0.0007885829545557499]"
602,"[0.9987236857414246, 4.6630088036181405e-05, 0.16082017123699188, 0.0003252670867368579]"
603,"[0.00029183097649365664, 0.9949653744697571, 0.392372190952301, 0.0001313605607720092]"
604,"[0.0002783415256999433, 0.0007475088932551444, 0.9999619722366333, 0.0012697683414444327]"
605,"[6.455784750869498e-05, 0.012824805453419685, 0.9999756813049316, 5.1100934797432274e-05]"
606,"[0.00028059567557647824, 0.9994112253189087, 0.088428795337677, 0.0009692873572930694]"
607,"[1.699093081697356e-05, 0.9994015693664551, 0.19197587668895721, 4.000107946922071e-05]"
608,"[0.17688971757888794, 0.0004994557821191847, 0.9979089498519897, 0.0006377757526934147]"
609,"[0.0055615901947021484, 0.0060826195403933525, 0.9965695142745972, 0.0034696203656494617]"
610,"[0.7620487213134766, 0.0005843490944243968, 0.9897394776344299, 0.00021095204283483326]"
611,"[3.131889388896525e-05, 3.219598875148222e-05, 0.9999994039535522, 2.579574538685847e-05]"
612,"[0.010712333023548126, 0.001375342602841556, 0.9995362758636475, 0.0011467623990029097]"
613,"[9.824665903579444e-05, 0.9999837875366211, 4.965900006936863e-05, 0.0014796926407143474]"
614,"[0.0003684131079353392, 6.763073906768113e-05, 0.9999958276748657, 0.00021775922505185008]"
615,"[0.0005516049568541348, 0.0003537529264576733, 0.9998974800109863, 0.0006901506567373872]"
616,"[0.0010370520176365972, 0.0009501047898083925, 0.9999310970306396, 0.0010712158400565386]"
617,"[0.0013598364312201738, 0.9994387030601501, 0.0005104656447656453, 0.0005802183295600116]"
618,"[0.0011091099586337805, 0.0009871930815279484, 0.999954342842102, 7.046542305033654e-05]"
619,"[0.5629879236221313, 0.0008826504927128553, 0.9903910160064697, 5.385324766393751e-05]"
620,"[0.0015756464563310146, 0.0014838261995464563, 0.9977312684059143, 0.0037019113078713417]"
621,"[0.00014707694936078042, 0.9926046133041382, 0.22758610546588898, 0.0010678443359211087]"
622,"[0.001995179569348693, 0.2173110395669937, 0.9244881868362427, 0.00066888373112306]"
623,"[3.9638252928853035e-05, 0.0012543834745883942, 0.9999998807907104, 5.9813155530719087e-05]"
624,"[0.0007575509371235967, 0.522820770740509, 0.0037644035182893276, 0.5436922907829285]"
625,"[0.00026032465393655, 0.0005472502089105546, 0.9999196529388428, 0.0011487631127238274]"
626,"[0.00030575532582588494, 0.001013674889691174, 0.9997765421867371, 0.0009673623717390001]"
627,"[0.3847842812538147, 0.00024570379173383117, 0.0003367573954164982, 0.9796103239059448]"
628,"[0.9986594915390015, 3.533120980137028e-05, 0.000106615865661297, 0.1774773895740509]"
629,"[0.0007113763713277876, 0.0021917931735515594, 0.9997803568840027, 0.001532090362161398]"
630,"[5.861797762918286e-05, 0.0002775343891698867, 0.9999940395355225, 0.0003547967062331736]"
631,"[0.9949867725372314, 6.550029502250254e-05, 0.0609469972550869, 0.0013618292286992073]"
632,"[0.001613532891497016, 0.0010830913670361042, 0.9998770952224731, 0.0028211595490574837]"
633,"[0.0001508306449977681, 9.333468915428966e-05, 0.9999622106552124, 0.0010688224574550986]"
634,"[0.9980167150497437, 4.932311276206747e-05, 0.024115655571222305, 0.007533994037657976]"
635,"[0.00040753328357823193, 0.0005243658670224249, 0.9999755620956421, 0.0044562420807778835]"
636,"[0.003396215382963419, 0.002057678997516632, 0.9994857311248779, 0.001632980303838849]"
637,"[0.00016874363063834608, 0.0009449512581340969, 0.9997873902320862, 0.0019271153723821044]"
638,"[9.435854008188471e-05, 0.00039020099211484194, 0.9999709129333496, 0.000273446727078408]"
639,"[0.00011475103383418173, 0.00034257140941917896, 0.9999321699142456, 0.00019437413720879704]"
640,"[0.000169475213624537, 9.925036283675581e-05, 0.9999403953552246, 0.000970186316408217]"
641,"[0.0006520231254398823, 0.00014632855891250074, 0.9999738931655884, 0.0009794342331588268]"
642,"[0.0017314051510766149, 0.003250662935897708, 0.9994743466377258, 0.003115598112344742]"
643,"[0.0018166267545893788, 0.0020239893347024918, 0.9992178678512573, 0.0017252357210963964]"
