index,logits
0,"[0.9998880624771118, 0.0006253633764572442, 0.00045627806684933603, 0.0005835600895807147]"
1,"[0.999906063079834, 0.000576091231778264, 0.00044197760871611536, 0.0008736765012145042]"
2,"[0.9971087574958801, 0.0004721639270428568, 0.35690489411354065, 7.48652164475061e-05]"
3,"[0.9991753697395325, 0.00015676679322496057, 0.02613869123160839, 0.00017444416880607605]"
4,"[0.9999151229858398, 0.0010205407161265612, 0.00041676638647913933, 0.0007166266441345215]"
5,"[0.009962407872080803, 0.0003878068528138101, 0.9994588494300842, 0.00029176645330153406]"
6,"[0.9998462200164795, 0.0004588986630551517, 0.000988660496659577, 0.0003023994213435799]"
7,"[0.9998809099197388, 0.0003508185036480427, 0.0005590826040133834, 0.0012362607521936297]"
8,"[0.0010411350522190332, 0.0010916307801380754, 0.0016215938376262784, 0.9998351335525513]"
9,"[0.9998495578765869, 0.000679165474139154, 0.0003967501106671989, 0.0004452863067854196]"
10,"[0.0017631103983148932, 0.0011759457411244512, 0.9997760653495789, 0.00047155519132502377]"
11,"[0.9994704127311707, 0.0031176821794360876, 0.007032462861388922, 5.2481940656434745e-05]"
12,"[0.9998725652694702, 0.0004814490966964513, 0.00037414318649098277, 0.0008059300598688424]"
13,"[0.9998613595962524, 0.0006278866203501821, 0.0007375357090495527, 0.0002913367061410099]"
14,"[0.0005267917877063155, 0.001019264804199338, 0.9996557235717773, 0.0009334401111118495]"
15,"[0.9926905035972595, 0.0015885146567597985, 0.00010614163329591975, 0.08485417068004608]"
16,"[0.0017914071213454008, 0.0021544191986322403, 0.9991769194602966, 0.0002542201254982501]"
17,"[0.013563163578510284, 0.0007150957826524973, 0.9994493126869202, 0.00016787380445748568]"
18,"[0.9991238713264465, 0.008694048970937729, 0.008257340639829636, 3.41211271006614e-05]"
19,"[0.9997838139533997, 0.00031777223921380937, 0.00078985356958583, 0.0004606601141858846]"
20,"[0.0002401429956080392, 0.9994539618492126, 0.0027152772527188063, 0.0003496723365969956]"
21,"[0.0010758358985185623, 0.0011854469776153564, 0.001219297177158296, 0.9998207688331604]"
22,"[0.00035034838947467506, 0.0055341278202831745, 0.0017615442629903555, 0.9994078874588013]"
23,"[0.0006656401674263179, 0.001979190157726407, 0.0010871668346226215, 0.9996863603591919]"
24,"[0.0005121585563756526, 0.9997561573982239, 0.0017839039210230112, 0.0008247493533417583]"
25,"[0.9998753070831299, 0.00039763515815138817, 0.0003978323074989021, 0.0010294016683474183]"
26,"[0.9994035959243774, 0.799696683883667, 0.00019347088527865708, 0.0014556677779182792]"
27,"[0.9994035959243774, 0.799696683883667, 0.00019347088527865708, 0.0014556677779182792]"
28,"[0.01856853812932968, 0.0012737371725961566, 0.00013118032074999064, 0.999488353729248]"
29,"[0.0016211646143347025, 0.0009408730547875166, 0.0009000049903988838, 0.999803364276886]"
30,"[0.10043447464704514, 0.00022421873291023076, 0.0004596702638082206, 0.9973219037055969]"
31,"[0.9997503161430359, 0.00031957108876667917, 0.0003551635891199112, 0.0010282041039317846]"
32,"[0.0008480552351102233, 0.9263052344322205, 0.00021692446898669004, 0.7276633381843567]"
33,"[0.0007245909073390067, 0.0013341836165636778, 0.0014697990845888853, 0.9997703433036804]"
34,"[0.0009674609755165875, 0.0014392470475286245, 0.001014414825476706, 0.9998002648353577]"
35,"[0.0005861477111466229, 0.0023384387604892254, 0.001333309686742723, 0.9996412992477417]"
36,"[2.7477011826704256e-05, 0.9548491835594177, 0.13106025755405426, 0.0037167207337915897]"
37,"[0.00028035606374032795, 0.9986761212348938, 0.0034293269272893667, 0.004283527377992868]"
38,"[0.9998395442962646, 0.00039964052848517895, 0.0002590371877886355, 0.002246756572276354]"
39,"[0.00016403335030190647, 0.09258527308702469, 0.0008001484093256295, 0.9984173774719238]"
40,"[0.41145560145378113, 7.385230128420517e-05, 0.00084454141324386, 0.9445328712463379]"
41,"[0.0011724695796146989, 0.0009961159667000175, 0.0010347008937969804, 0.9997665286064148]"
42,"[0.12926031649112701, 0.002542744390666485, 4.174074638285674e-05, 0.35538390278816223]"
43,"[0.0012576578883454204, 0.0016027366509661078, 0.0004977545468136668, 0.9997207522392273]"
44,"[0.00807947851717472, 0.00039405294228345156, 0.0005384547403082252, 0.9980735778808594]"
45,"[0.0010955387260764837, 0.9989591836929321, 0.002570157637819648, 9.030535147758201e-05]"
46,"[0.086929090321064, 0.8401344418525696, 0.033813051879405975, 1.7841939552454278e-05]"
47,"[0.006348371971398592, 0.9998766183853149, 0.0002904010470956564, 0.0004489945713430643]"
48,"[0.08147238194942474, 0.9995784163475037, 0.0005621622549369931, 7.752790406811982e-05]"
49,"[0.9998618364334106, 0.00044911610893905163, 0.00045539901475422084, 0.0007512182928621769]"
50,"[0.3477952480316162, 0.0036244515795260668, 1.798811717890203e-05, 0.7225042581558228]"
51,"[0.920555830001831, 0.9796130657196045, 4.310977237764746e-05, 0.00028474372811615467]"
52,"[0.0011397586204111576, 0.3105612099170685, 0.9903479814529419, 6.789405597373843e-05]"
53,"[0.0007303010788746178, 0.9998563528060913, 0.0005234093987382948, 0.0005650354432873428]"
54,"[0.0004790773382410407, 0.9998505115509033, 0.0006194568704813719, 0.001114996732212603]"
55,"[0.00045594960101880133, 0.999742329120636, 0.0009546720539219677, 0.0003940561437048018]"
56,"[0.0008676840807311237, 0.9998677968978882, 0.000510685087647289, 0.0005010059103369713]"
57,"[0.9989232420921326, 0.06587933748960495, 0.00030750755104236305, 8.335189340868965e-05]"
58,"[0.000720552692655474, 0.9998666048049927, 0.0004637669480871409, 0.0007585941930301487]"
59,"[0.9998185038566589, 0.003865479724481702, 0.00025967962574213743, 0.000230035133427009]"
60,"[0.0007936512702144682, 0.9998817443847656, 0.0004195838700979948, 0.0011364833917468786]"
61,"[0.0008902254048734903, 0.99988853931427, 0.00042259125621058047, 0.000810353783890605]"
62,"[0.000912384653929621, 0.9998793601989746, 0.0004813782579731196, 0.000554456957615912]"
63,"[0.0009073183755390346, 0.9998922348022461, 0.0003622162330430001, 0.001080386689864099]"
64,"[0.0011472803307697177, 0.999897837638855, 0.0005003573023714125, 0.0005664565833285451]"
65,"[0.0004903242806904018, 0.9998099207878113, 0.0006542481714859605, 0.0006692761089652777]"
66,"[0.0008130391943268478, 0.9998966455459595, 0.00047646588063798845, 0.0008615452679805458]"
67,"[0.0014852371532469988, 0.0008910477627068758, 0.0008046354632824659, 0.9996498823165894]"
68,"[0.0022611075546592474, 0.005768778268247843, 0.000333561998559162, 0.9063339233398438]"
69,"[0.999854564666748, 0.0011615216499194503, 0.0003062150499317795, 0.0003685039118863642]"
70,"[0.9998466968536377, 0.00034336233511567116, 0.0005742821376770735, 0.000846349517814815]"
71,"[0.9537267088890076, 0.9902552962303162, 0.0008298339089378715, 6.830864731455222e-05]"
72,"[0.0014680820750072598, 0.004392017610371113, 0.00030391218024306, 0.9997722506523132]"
73,"[0.00044315867125988007, 0.9997311234474182, 0.0013028272660449147, 0.00032574281794950366]"
74,"[0.9999268054962158, 0.0009135594591498375, 0.0003956361033488065, 0.0010753321694210172]"
75,"[0.9271576404571533, 0.57671719789505, 0.002310729119926691, 1.939787580340635e-05]"
76,"[0.014416620135307312, 0.9999197721481323, 0.0003649845893960446, 0.0009176980820484459]"
77,"[0.0008597004925832152, 0.9998867511749268, 0.0004975518095307052, 0.0006239367066882551]"
78,"[0.0007184161222539842, 0.9935367703437805, 0.00012200450146337971, 0.24194571375846863]"
79,"[0.9192913174629211, 0.7640901207923889, 0.00010683284926926717, 8.587240154156461e-05]"
80,"[0.9759634733200073, 0.2298492044210434, 0.00017345116066280752, 7.946426921989769e-05]"
81,"[0.0011813248274847865, 0.0018752911128103733, 0.0009782712440937757, 0.9998650550842285]"
82,"[0.9937596917152405, 0.20837914943695068, 0.00015068000357132405, 8.781655196798965e-05]"
83,"[0.9999450445175171, 0.0033054559025913477, 0.0004412806883919984, 0.004397431388497353]"
84,"[0.9993147850036621, 0.3293183445930481, 0.0008723255596123636, 8.656054706079885e-05]"
85,"[0.9994974136352539, 0.32762840390205383, 8.871361205819994e-05, 0.0005628911894746125]"
86,"[0.18628686666488647, 0.006331603042781353, 2.3414240786223672e-05, 0.9822795987129211]"
87,"[0.9998466968536377, 0.0005099977715872228, 0.0005324328085407615, 0.00047712086234241724]"
88,"[0.9998525381088257, 0.00037104907096363604, 0.00035694288089871407, 0.0013861344195902348]"
89,"[0.9998452663421631, 0.0005391758168116212, 0.00039197338628582656, 0.0005769880954176188]"
90,"[0.9998338222503662, 0.00048508390318602324, 0.0007086853729560971, 0.0003556885931175202]"
91,"[0.019380168989300728, 0.964089572429657, 3.469365765340626e-05, 0.0014998763799667358]"
92,"[0.999796450138092, 0.0005339393974281847, 0.0005377974594011903, 0.0003205692337360233]"
93,"[0.9998708963394165, 0.0005516122910194099, 0.0006461478187702596, 0.0004078743513673544]"
94,"[0.9997788071632385, 0.0009078783914446831, 0.0014058112865313888, 0.00013781682355329394]"
95,"[0.9998149275779724, 0.0004668311739806086, 0.0002347776317037642, 0.03054199181497097]"
96,"[0.9996612071990967, 0.002000986598432064, 0.00015624404477421194, 0.00029995988006703556]"
97,"[0.005159062799066305, 0.8361964225769043, 0.04036587476730347, 0.00010797663708217442]"
98,"[0.9997754693031311, 0.0010800425661727786, 0.0020349042024463415, 0.00012938989675603807]"
99,"[0.005532270297408104, 0.933022677898407, 6.471446977229789e-05, 0.006232788786292076]"
100,"[0.9998457431793213, 0.0008740256889723241, 0.0007178662926889956, 0.00022511716815643013]"
101,"[0.9984405636787415, 0.00216118642129004, 0.0001404348440701142, 0.0004842324706260115]"
102,"[0.0005825370317324996, 0.002117892261594534, 0.0013907691463828087, 0.9996097683906555]"
103,"[0.032227128744125366, 3.003232995979488e-05, 0.9975044131278992, 0.004320298321545124]"
104,"[0.020982526242733, 0.1801491379737854, 2.269790093123447e-05, 0.5230779647827148]"
105,"[0.9998921155929565, 0.0006289611337706447, 0.00035778613528236747, 0.0008071466581895947]"
106,"[0.9998592138290405, 0.0005708048702217638, 0.0008475270005874336, 0.0003075691347476095]"
107,"[0.9998113512992859, 0.0003818737459369004, 0.0004449916013982147, 0.0009199501946568489]"
108,"[0.9998021721839905, 0.00026878839707933366, 0.0008322424255311489, 0.0010103138629347086]"
109,"[0.9998691082000732, 0.0004257449181750417, 0.0005504376604221761, 0.0006193981389515102]"
110,"[0.4458223581314087, 0.00011154241656186059, 0.0004656868986785412, 0.9111303091049194]"
111,"[0.9997231364250183, 0.0019757694099098444, 0.00031054357532411814, 0.000212342623854056]"
112,"[0.9998410940170288, 0.0005190257797949016, 0.0005507569876499474, 0.0006320368847809732]"
113,"[0.9998654127120972, 0.0004018455510959029, 0.000464542128611356, 0.0008483817800879478]"
114,"[0.9999028444290161, 0.0007416168227791786, 0.00047680645366199315, 0.0006055927369743586]"
115,"[0.9998621940612793, 0.0006516664871014655, 0.0006949187954887748, 0.00035460246726870537]"
116,"[0.9997996687889099, 0.00034193744068033993, 0.000492241233587265, 0.001040081144310534]"
117,"[0.9998444318771362, 0.0006621194188483059, 0.002582782879471779, 0.00018174237629864365]"
118,"[0.29918697476387024, 0.0001413897844031453, 0.0005543802981264889, 0.9967987537384033]"
119,"[0.999858021736145, 0.0013292289804667234, 0.000759727496188134, 0.0001976897328859195]"
120,"[0.9998787641525269, 0.0005672092083841562, 0.0005576038965955377, 0.0004359311133157462]"
121,"[0.9999130964279175, 0.0016064017545431852, 0.0004998157965019345, 0.00042974375537596643]"
122,"[0.9998432397842407, 0.001445868518203497, 0.0016734151868149638, 0.00036144789191894233]"
123,"[0.9998688697814941, 0.0006968745728954673, 0.000840433465782553, 0.000263028807239607]"
124,"[0.9998959302902222, 0.0012200187193229795, 0.0007789075607433915, 0.00028993713203817606]"
125,"[0.999886155128479, 0.00042718203621916473, 0.0006661725929006934, 0.0006377340760082006]"
126,"[0.9998375177383423, 0.0004481916839722544, 0.0005827589193359017, 0.00046977357123978436]"
127,"[0.9998257756233215, 0.0005491221090778708, 0.00024303859390784055, 0.0013474898878484964]"
128,"[0.03269346430897713, 3.008094063261524e-05, 0.04214998334646225, 0.7101774215698242]"
129,"[0.9998823404312134, 0.0009630132117308676, 0.0006722464459016919, 0.000282234454061836]"
130,"[0.9998618364334106, 0.0004453758883755654, 0.00043210142757743597, 0.0009743380942381918]"
131,"[0.9998546838760376, 0.000465117278508842, 0.00035244313767179847, 0.0009129742393270135]"
132,"[0.9998751878738403, 0.0010581046808511019, 0.0007063180091790855, 0.0002876661019399762]"
133,"[0.0014082895359024405, 0.0007901155040599406, 0.9997830986976624, 0.0005120756104588509]"
134,"[0.022873880341649055, 0.9978639483451843, 0.000711880624294281, 4.3080843170173466e-05]"
135,"[0.9196978211402893, 0.5317873954772949, 0.004073786549270153, 1.2398235412547365e-05]"
136,"[0.999745786190033, 0.00022583024110645056, 0.0017461110837757587, 0.0004292456724215299]"
137,"[0.0010702121071517467, 0.0010031228885054588, 0.999824583530426, 0.0006127996020950377]"
138,"[0.006019751075655222, 0.04197971522808075, 7.624397403560579e-05, 0.8855178356170654]"
139,"[0.0009300816454924643, 0.0007370575913228095, 0.999861478805542, 0.0010389200178906322]"
140,"[0.9987871050834656, 0.0007452068384736776, 0.00010711376671679318, 0.02183929644525051]"
141,"[0.00042993633542209864, 0.07075599581003189, 0.00036362509126774967, 0.9989420771598816]"
142,"[0.0050696940161287785, 0.0013080654898658395, 0.0001910376304294914, 0.99953293800354]"
143,"[0.9987425208091736, 0.9650483131408691, 9.797582606552169e-05, 0.9982103109359741]"
144,"[0.9998819828033447, 0.000591656775213778, 0.0003163584915455431, 0.0014221835881471634]"
145,"[0.9987425208091736, 0.9650483131408691, 9.797582606552169e-05, 0.9982103109359741]"
146,"[0.999866247177124, 0.0006288232398219407, 0.0006099377060309052, 0.00033801261452026665]"
147,"[0.0014394602039828897, 0.0012855754466727376, 0.0005920754047110677, 0.9997780919075012]"
148,"[0.0002469063620083034, 0.9947617650032043, 0.06573960185050964, 0.0004487831611186266]"
149,"[0.9987425208091736, 0.9650483131408691, 9.797582606552169e-05, 0.9982103109359741]"
150,"[0.036778442561626434, 0.0002627017966005951, 0.000504487834405154, 0.9991008043289185]"
151,"[0.0011971228523179889, 0.0011541437124833465, 0.001158330705948174, 0.9998123049736023]"
152,"[0.0010607560398057103, 0.0012378625106066465, 0.001248164102435112, 0.9998103976249695]"
153,"[0.9999450445175171, 0.0012961500324308872, 0.0006008363561704755, 0.0017203964525833726]"
154,"[0.001336546614766121, 0.0010970017174258828, 0.0008299362962134182, 0.999790608882904]"
155,"[0.9999091625213623, 0.09121400117874146, 0.0018763872794806957, 0.0006479634321294725]"
156,"[0.9999091625213623, 0.09121400117874146, 0.0018763872794806957, 0.0006479634321294725]"
157,"[0.0013944521779194474, 0.0011415623594075441, 0.0008632006356492639, 0.9997960925102234]"
158,"[0.999784529209137, 0.0006165382801555097, 0.0002587104099802673, 0.0009270898881368339]"
159,"[0.0022196369245648384, 0.0006491653039120138, 0.0007072640582919121, 0.9994627833366394]"
160,"[0.00262441230006516, 0.0006583993090316653, 0.0006758471135981381, 0.9996852874755859]"
161,"[0.001329705584794283, 0.0008825761033222079, 0.000840693770442158, 0.9992283582687378]"
162,"[0.9998014569282532, 0.0004915836616419256, 0.00034917783341370523, 0.000604028522502631]"
163,"[0.0018014636589214206, 0.0022413756232708693, 0.00026401420473121107, 0.9984862804412842]"
164,"[0.0016115645412355661, 0.0008077698876149952, 0.0009244229877367616, 0.999705970287323]"
165,"[0.0027417903766036034, 0.001144728041253984, 0.0003954730345867574, 0.9990473389625549]"
166,"[0.0009914289694279432, 0.0014948814641684294, 0.0006377134704962373, 0.9996892213821411]"
167,"[0.8259391188621521, 0.2853885591030121, 6.176523311296478e-05, 0.0011121422285214067]"
168,"[0.0004945973632857203, 0.021398987621068954, 0.0004585529968608171, 0.9989976286888123]"
169,"[0.0003997874155174941, 0.034708213061094284, 0.0004123102407902479, 0.9992527365684509]"
170,"[0.0010380522580817342, 0.001071235747076571, 0.0011750113917514682, 0.9997730851173401]"
171,"[0.0014852534513920546, 0.0012147664092481136, 0.0006585075752809644, 0.9996973276138306]"
172,"[0.000245698873186484, 0.9994692206382751, 0.0004555722407530993, 0.18424081802368164]"
173,"[0.3152548670768738, 2.3077791411196813e-05, 0.009269379079341888, 0.28747209906578064]"
174,"[0.12912148237228394, 0.00034075157600454986, 0.00028038868913426995, 0.955606997013092]"
175,"[0.0008588482160121202, 0.002311351476237178, 0.9993149042129517, 0.0009256895864382386]"
176,"[0.9997981190681458, 0.0007821483304724097, 0.00030567048816010356, 0.00036278710467740893]"
177,"[0.0008412066381424665, 0.0010002304334193468, 0.0021261577494442463, 0.9995161294937134]"
178,"[0.0027430320624262094, 0.000798803404904902, 0.0005234852433204651, 0.9996929168701172]"
179,"[0.9915398955345154, 0.9986124038696289, 0.001393771031871438, 0.003082313109189272]"
180,"[0.9969731569290161, 0.9917213320732117, 0.002896222984418273, 0.004047074355185032]"
181,"[0.9998862743377686, 0.0016300901770591736, 0.0003329148457851261, 0.0003367291355971247]"
182,"[0.9998708963394165, 0.0010008643148466945, 0.00043905453640036285, 0.0003424600581638515]"
183,"[0.0007993596373125911, 0.9998818635940552, 0.0005552443908527493, 0.0006232861778698862]"
184,"[0.0006068852380849421, 0.9998646974563599, 0.0005915702204219997, 0.0008306610397994518]"
185,"[0.0007993596373125911, 0.9998818635940552, 0.0005552443908527493, 0.0006232861778698862]"
186,"[0.99613356590271, 0.8256431818008423, 2.8325715902610682e-05, 0.0008952428470365703]"
187,"[0.2328852266073227, 0.9936797618865967, 0.00016561690426897258, 0.00010367036884417757]"
188,"[0.0007479670457541943, 0.9998799562454224, 0.0005684940842911601, 0.0007377124857157469]"
189,"[0.0011550616472959518, 0.9999123811721802, 0.00037767321919091046, 0.00146516936365515]"
190,"[0.0007189877214841545, 0.9998830556869507, 0.0004803116898983717, 0.0008752766880206764]"
191,"[0.000978565774857998, 0.9998975992202759, 0.0004703103331848979, 0.0011839251965284348]"
192,"[0.09817977249622345, 0.9994497895240784, 2.9832317522959784e-05, 0.1477995365858078]"
193,"[0.0009156517335213721, 0.9998807907104492, 0.00047906540567055345, 0.0005833168397657573]"
194,"[0.0006868387572467327, 0.9998776912689209, 0.0006539118476212025, 0.0006421791622415185]"
195,"[0.0007709107594564557, 0.9998793601989746, 0.0007535667973570526, 0.0005137096741236746]"
196,"[0.9977694749832153, 0.09442193061113358, 0.00033904597512446344, 6.839116394985467e-05]"
197,"[0.000612718693446368, 0.9998155236244202, 0.0008087102905847132, 0.0009361495031043887]"
198,"[0.0007481987122446299, 0.9998636245727539, 0.0005164581234566867, 0.000779301451984793]"
199,"[0.0008494046633131802, 0.9998481273651123, 0.0005579438875429332, 0.0008387850248254836]"
200,"[0.9946449995040894, 0.17385542392730713, 0.001103352988138795, 3.520390600897372e-05]"
201,"[0.8023959994316101, 0.996485710144043, 0.0008871817262843251, 4.6394779928959906e-05]"
202,"[0.000874352699611336, 0.9998869895935059, 0.0004916932666674256, 0.0007548130815848708]"
203,"[0.0019422484328970313, 0.9998676776885986, 0.00017063473933376372, 0.002949494170024991]"
204,"[0.0016675337683409452, 0.000956675736233592, 0.0010498841293156147, 0.9998332262039185]"
205,"[0.0007560866069979966, 0.9998670816421509, 0.0004653871583286673, 0.0006963003543205559]"
206,"[0.09817977249622345, 0.9994497895240784, 2.9832317522959784e-05, 0.1477995365858078]"
207,"[0.9998177886009216, 0.0021305677946656942, 0.00016690864867996424, 0.0004600374086294323]"
208,"[0.0008572530350647867, 0.9998524188995361, 0.0005591348162852228, 0.0004498751659411937]"
209,"[0.0006647611153312027, 0.9998636245727539, 0.00045575949479825795, 0.0009455117397010326]"
210,"[0.0007103145471774042, 0.999881386756897, 0.0005256838048808277, 0.0014498712262138724]"
211,"[0.9998629093170166, 0.0007244973094202578, 0.0010653883218765259, 0.00022201040701474994]"
212,"[0.0012077740393579006, 0.9996985197067261, 0.0005732627469114959, 0.00023664157197345048]"
213,"[0.0009876686381176114, 0.0015389879699796438, 0.001020056544803083, 0.9998252987861633]"
214,"[0.9998102784156799, 0.0006946506327949464, 0.0003829015768133104, 0.0003943748015444726]"
215,"[0.0007296204566955566, 0.012097354047000408, 0.0004956037737429142, 0.9993841648101807]"
216,"[0.0012227765982970595, 0.9998741149902344, 0.0003043290926143527, 0.004094692878425121]"
217,"[0.000811002217233181, 0.9998859167098999, 0.0006322173285298049, 0.0006612945580855012]"
218,"[0.000541826942935586, 0.9997395873069763, 0.0010622537229210138, 0.00040910273673944175]"
219,"[0.0008362249354831874, 0.9998703002929688, 0.0005401191883720458, 0.0004910141578875482]"
220,"[0.0004830097022932023, 0.9997795224189758, 0.0010296778054907918, 0.00042585792834870517]"
221,"[0.0009716891217976809, 0.0010739879216998816, 0.9998723268508911, 0.0007911642896942794]"
222,"[0.0006414380623027682, 0.999862551689148, 0.0005417547072283924, 0.000779792491812259]"
223,"[0.0005127642652951181, 0.9998335838317871, 0.0005258063320070505, 0.0007149369921535254]"
224,"[0.0823589563369751, 0.9969303011894226, 0.0006854720995761454, 5.7128512708004564e-05]"
225,"[0.4364798367023468, 0.9990679621696472, 0.0004328467766754329, 0.00010889296390814707]"
226,"[0.9993396401405334, 0.0037286514416337013, 0.0001280460273846984, 0.00022181466920301318]"
227,"[0.9998204112052917, 0.0003415826358832419, 0.0003080501046497375, 0.011386442929506302]"
228,"[0.010199259035289288, 0.9992746710777283, 0.0016427133232355118, 6.09122944297269e-05]"
229,"[0.0032716840505599976, 0.9995610117912292, 0.00022538023767992854, 0.00031819907599128783]"
230,"[0.056882329285144806, 0.0010942895896732807, 0.9972541928291321, 8.058296225499362e-05]"
231,"[0.9998902082443237, 0.0008227237267419696, 0.0005624061450362206, 0.00041518890066072345]"
232,"[0.0007715667015872896, 0.9998891353607178, 0.0004506408586166799, 0.0009048751089721918]"
233,"[0.001248711720108986, 0.9998894929885864, 0.00043706726864911616, 0.0005706109805032611]"
234,"[0.013296338729560375, 0.9918550252914429, 0.0016400525346398354, 3.8223610317800194e-05]"
235,"[0.9998317956924438, 0.0005856445641256869, 0.0006271480233408511, 0.0003108569944743067]"
236,"[0.9908230304718018, 0.19886241853237152, 0.00015730615996289998, 9.323017729911953e-05]"
237,"[0.9998841285705566, 0.0007819743477739394, 0.0005467218579724431, 0.0003605290548875928]"
238,"[0.9997285008430481, 0.000424028403358534, 0.0028285873122513294, 0.00015871065261308104]"
239,"[0.44769155979156494, 0.8516484498977661, 0.02113831229507923, 1.0808217666635755e-05]"
240,"[0.9996886253356934, 0.0015440821880474687, 0.00015852719661779702, 0.00046314470819197595]"
241,"[0.9995183944702148, 0.002931209048256278, 0.0027574647683650255, 6.719757220707834e-05]"
242,"[0.004690004512667656, 0.9998182654380798, 0.000132957604364492, 0.00509323924779892]"
243,"[0.9987425208091736, 0.9650483131408691, 9.797582606552169e-05, 0.9982103109359741]"
244,"[0.9998687505722046, 0.0006588207907043397, 0.0006180002819746733, 0.0004215989902149886]"
245,"[0.0030295252799987793, 0.9999215602874756, 0.00022295862436294556, 0.0026721088215708733]"
246,"[0.0011550616472959518, 0.9999123811721802, 0.00037767321919091046, 0.00146516936365515]"
247,"[0.08812505751848221, 0.01947363093495369, 0.9594154953956604, 1.8223423467134126e-05]"
248,"[0.0007891437271609902, 0.00531012425199151, 0.9995118379592896, 0.0002870289026759565]"
249,"[0.9998462200164795, 0.0003172028809785843, 0.0008441732497885823, 0.0006323435809463263]"
250,"[0.9998496770858765, 0.0005973114748485386, 0.0003535907599143684, 0.0005610165535472333]"
251,"[0.9974133372306824, 0.004632177762687206, 0.017032252624630928, 3.1706342269899324e-05]"
252,"[0.9997981190681458, 0.00037860756856389344, 0.0012493429239839315, 0.0002508184697944671]"
253,"[0.9998546838760376, 0.0016436856240034103, 0.0015379318501800299, 0.00015674707537982613]"
254,"[0.9998525381088257, 0.0005570087232626975, 0.0005150192300789058, 0.0004421668127179146]"
255,"[0.9998701810836792, 0.0004728298808913678, 0.0004604215209838003, 0.0006515957647934556]"
256,"[0.9997274279594421, 0.0007935204193927348, 0.0003712684556376189, 0.0004650528135243803]"
257,"[0.9993288516998291, 0.028511498123407364, 0.00010421233309898525, 0.0003910505911335349]"
258,"[0.9994915723800659, 0.0015605349326506257, 0.00026958604576066136, 0.00021342125546652824]"
259,"[0.9998489618301392, 0.0005518150283023715, 0.0004474132729228586, 0.0005287214880809188]"
260,"[0.999854564666748, 0.001073797233402729, 0.0005985777825117111, 0.00022143770183902234]"
261,"[0.9998735189437866, 0.0004990139277651906, 0.0006008031778037548, 0.000522708403877914]"
262,"[0.9996856451034546, 0.0004199208051431924, 0.0002773386659100652, 0.0007460303604602814]"
263,"[0.9998799562454224, 0.0004922625957988203, 0.0004749378131236881, 0.0007100268849171698]"
264,"[0.999871015548706, 0.0035842289216816425, 0.00031500443583354354, 0.00031586000113748014]"
265,"[0.9999028444290161, 0.0007416168227791786, 0.00047680645366199315, 0.0006055927369743586]"
266,"[0.9998520612716675, 0.0005644845077767968, 0.000535167520865798, 0.00040768389590084553]"
267,"[0.9998650550842285, 0.00042677545570768416, 0.00047557681682519615, 0.0007108684512786567]"
268,"[0.9998509883880615, 0.00045756425242871046, 0.0004844125360250473, 0.0007935306057333946]"
269,"[0.9999039173126221, 0.0010959578212350607, 0.00024509779177606106, 0.0008598807617090642]"
270,"[0.99983811378479, 0.0015912153758108616, 0.0002814476902130991, 0.0004100079240743071]"
271,"[0.0009277526405639946, 0.9999158382415771, 0.0003313174529466778, 0.007385225035250187]"
272,"[0.9998210072517395, 0.0002884463465306908, 0.0007057834300212562, 0.0010107686975970864]"
273,"[0.9998522996902466, 0.0004989278386346996, 0.0004793081898242235, 0.0005329077830538154]"
274,"[0.9998660087585449, 0.00044872495345771313, 0.0003294189227744937, 0.001101836794987321]"
275,"[0.9998588562011719, 0.0004973876639269292, 0.00042939858394674957, 0.0006343400455079973]"
276,"[0.010366640985012054, 0.0005609331419691443, 0.9994668364524841, 0.00021183121134527028]"
277,"[0.9998859167098999, 0.0006525238859467208, 0.0004764604673255235, 0.0005117964465171099]"
278,"[0.999870777130127, 0.0006009766948409379, 0.0004812525294255465, 0.00046377096441574395]"
279,"[0.005781169980764389, 0.0006494738627225161, 0.0007978772046044469, 0.999836802482605]"
280,"[0.9998819828033447, 0.0004339737060945481, 0.0005213420372456312, 0.0007281829020939767]"
281,"[0.0014759324258193374, 0.0005412184400483966, 0.9998478889465332, 0.0009791865013539791]"
282,"[0.9998739957809448, 0.0005042304401285946, 0.000602907850407064, 0.00047930589062161744]"
283,"[0.9998737573623657, 0.0005456080543808639, 0.0006553758285008371, 0.00040101914783008397]"
284,"[0.999879002571106, 0.0003671881859190762, 0.00040047307265922427, 0.0018276360351592302]"
285,"[0.045944686979055405, 4.059000639244914e-05, 0.01300513744354248, 0.9732125997543335]"
286,"[0.000925000524148345, 0.0008581078727729619, 0.9998557567596436, 0.0008908346644602716]"
287,"[0.000992174493148923, 0.0008464789716526866, 0.9998643398284912, 0.0008367119589820504]"
288,"[0.005980293266475201, 0.00043464996269904077, 0.9995154142379761, 0.0003832598158624023]"
289,"[0.0010198039235547185, 0.0007984262774698436, 0.9998730421066284, 0.0009642963414080441]"
290,"[0.3628838062286377, 0.0003432710363995284, 0.00025716747040860355, 0.6117307543754578]"
291,"[0.000999476877041161, 0.0008205952472053468, 0.9998711347579956, 0.0009822414722293615]"
292,"[0.9998823404312134, 0.000543238187674433, 0.00042288118856959045, 0.0007031172281131148]"
293,"[0.0021254061721265316, 0.0007583220140077174, 0.0007896262686699629, 0.9997621178627014]"
294,"[0.0016742739826440811, 0.000882626511156559, 0.0009672485175542533, 0.999816358089447]"
295,"[0.0012014986714348197, 0.0012001917930319905, 0.0008775289170444012, 0.9997839331626892]"
296,"[0.9998953342437744, 0.0007210651529021561, 0.0007415214204229414, 0.00038249167846515775]"
297,"[0.0009964306373149157, 0.0007781808963045478, 0.9998773336410522, 0.0009508657967671752]"
298,"[0.9998444318771362, 0.0005501665291376412, 0.0005090580089017749, 0.0004224929725751281]"
299,"[0.9998706579208374, 0.0006451353547163308, 0.0005055497749708593, 0.0005259218160063028]"
300,"[0.9998840093612671, 0.0006024307804182172, 0.0005048356833867729, 0.0005142858135513961]"
301,"[0.002225647447630763, 0.0005739253829233348, 0.9998220801353455, 0.0006636682082898915]"
302,"[5.085805605631322e-05, 0.9905793070793152, 0.005026753526180983, 0.01651175320148468]"
303,"[0.0009397835237905383, 0.0008536099339835346, 0.9998753070831299, 0.0009839656995609403]"
304,"[0.9998574256896973, 0.00041752448305487633, 0.0006623188965022564, 0.0005955818924121559]"
305,"[0.9997934699058533, 0.0008719504112377763, 0.001618834096007049, 0.00015024197637103498]"
306,"[0.9994106292724609, 0.0013375895796343684, 0.000320975377690047, 0.00018216170428786427]"
307,"[0.9461171627044678, 0.0005750500131398439, 0.8826057314872742, 5.834615512867458e-05]"
308,"[0.002886671107262373, 0.0020665396004915237, 0.9897142052650452, 0.00020476289500948042]"
309,"[0.001065397053025663, 0.0006913464749231935, 0.999876856803894, 0.001196444034576416]"
310,"[0.0009722599643282592, 0.0006908172508701682, 0.9998619556427002, 0.0011114119552075863]"
311,"[0.0007426685187965631, 0.0009731909376569092, 0.9998204112052917, 0.0008752490975894034]"
312,"[0.9998863935470581, 0.0005045818979851902, 0.0008996769902296364, 0.0004488500999286771]"
313,"[0.0006938361329957843, 0.001176938647404313, 0.9998553991317749, 0.0009413640364073217]"
314,"[0.0009714248008094728, 0.0009658239432610571, 0.9998685121536255, 0.0008594178943894804]"
315,"[0.0009517631842754781, 0.0007122834213078022, 0.9998511075973511, 0.001064866897650063]"
316,"[0.0007934477762319148, 0.0010796767892315984, 0.9998762607574463, 0.0009283976978622377]"
317,"[0.0010300728026777506, 0.001115491846576333, 0.9998811483383179, 0.0007017703028395772]"
318,"[0.0008209769148379564, 0.0010283534647896886, 0.9998791217803955, 0.0009428783087059855]"
319,"[0.0010038064792752266, 0.0007843819330446422, 0.9998735189437866, 0.0008990655187517405]"
320,"[0.0004706868785433471, 0.0007366127683781087, 0.010299761779606342, 0.9994320273399353]"
321,"[0.9998805522918701, 0.0007942246738821268, 0.0006297468789853156, 0.00033728365087881684]"
322,"[0.9998854398727417, 0.000925052969250828, 0.001020915573462844, 0.0002541440480854362]"
323,"[0.9998995065689087, 0.0006892574019730091, 0.00047856359742581844, 0.0005828408757224679]"
324,"[0.9998719692230225, 0.0008279066532850266, 0.0011126660974696279, 0.00022396085842046887]"
325,"[0.0011530898045748472, 0.0005860030651092529, 0.9998787641525269, 0.0013345851330086589]"
326,"[0.0008162008598446846, 0.0008790996507741511, 0.9998552799224854, 0.0010112335439771414]"
327,"[0.9996533393859863, 0.00315797864459455, 0.002807587618008256, 9.017868433147669e-05]"
328,"[0.9993612170219421, 0.022930940613150597, 0.0006737929070368409, 7.04265185049735e-05]"
329,"[0.9998103976249695, 0.000723048229701817, 0.000314566568704322, 0.0005034735077060759]"
330,"[0.844378650188446, 0.0005561800790019333, 7.370876846835017e-05, 0.8836961984634399]"
331,"[0.9998797178268433, 0.0005130185163579881, 0.0004743478202726692, 0.0006677043857052922]"
332,"[0.0006604084046557546, 0.9998682737350464, 0.0006522953626699746, 0.0007985358824953437]"
333,"[0.0006270520389080048, 0.9998718500137329, 0.0006867304327897727, 0.0006705524283461273]"
334,"[0.0011397222988307476, 0.9999028444290161, 0.0008384890388697386, 0.0006314931670203805]"
335,"[0.0024607630912214518, 0.0005254535935819149, 0.0010032299906015396, 0.999618649482727]"
336,"[0.0009720714297145605, 0.0011566139291971922, 0.001622325973585248, 0.9997933506965637]"
337,"[0.0012319970410317183, 0.0013384796911850572, 0.000777224893681705, 0.9998173117637634]"
338,"[0.002439626259729266, 0.00016279073315672576, 0.009418877772986889, 0.9974154233932495]"
339,"[0.9845576286315918, 2.7597783628152683e-05, 0.004620153922587633, 0.02603009343147278]"
340,"[0.0006035180995240808, 0.9998408555984497, 0.0004306902992539108, 0.0008630483644083142]"
341,"[0.008829209953546524, 0.9998809099197388, 0.00028138142079114914, 0.0005042878910899162]"
342,"[0.004393639508634806, 0.9491809606552124, 2.4667631805641577e-05, 0.2046908140182495]"
343,"[0.00105555250775069, 0.9998693466186523, 0.001204611617140472, 0.0003670266305562109]"
344,"[0.0009650812135078013, 0.999875545501709, 0.0004298810090404004, 0.0010567104909569025]"
345,"[0.0016668513417243958, 0.000862571585457772, 0.0009180029155686498, 0.9998014569282532]"
346,"[0.0015246476978063583, 0.0014510687906295061, 0.0006340444670058787, 0.9997988343238831]"
347,"[0.0014572684885933995, 0.0008633104152977467, 0.001280203927308321, 0.9998207688331604]"
348,"[0.001170113100670278, 0.0010911901481449604, 0.0012825753074139357, 0.9998260140419006]"
349,"[0.0014675543643534184, 0.0011595792602747679, 0.0008858766523189843, 0.9998010993003845]"
350,"[0.0013612054754048586, 0.0010410273680463433, 0.0009753280901350081, 0.9998080134391785]"
351,"[0.0013820838648825884, 0.000946807733271271, 0.0008646980859339237, 0.9996834993362427]"
352,"[0.001376272295601666, 0.0009180475608445704, 0.0009318325319327414, 0.9997660517692566]"
353,"[0.0006307353032752872, 0.0017586690373718739, 0.0015767868608236313, 0.9996485710144043]"
354,"[0.0005423043621703982, 0.0027391945477575064, 0.0014828064013272524, 0.999642014503479]"
355,"[0.0006035140249878168, 0.0017884739208966494, 0.0014763359213247895, 0.9996528625488281]"
356,"[0.0009528973023407161, 0.0011603826424106956, 0.0012160699116066098, 0.999774158000946]"
357,"[0.001848344225436449, 0.0007372922264039516, 0.0009011204238049686, 0.9997678399085999]"
358,"[0.0010582699906080961, 0.0011756651801988482, 0.0011298545869067311, 0.9998028874397278]"
359,"[0.0008268727106042206, 0.0017192773520946503, 0.001078414497897029, 0.9998146891593933]"
360,"[0.9922094345092773, 0.0033572528045624495, 0.0003523268969729543, 0.997570812702179]"
361,"[0.9999370574951172, 0.003032425884157419, 0.001092539168894291, 0.0006214905297383666]"
362,"[0.9996727705001831, 0.17023932933807373, 3.519488018355332e-05, 0.0015547859948128462]"
363,"[0.0017610631184652448, 0.0014181479346007109, 0.0009621924837119877, 0.999871015548706]"
364,"[0.9978989362716675, 0.004098175559192896, 0.00042484994628466666, 0.9922845363616943]"
365,"[0.9998894929885864, 0.00045501612476073205, 0.00039124523755162954, 0.0015291259624063969]"
366,"[0.9999091625213623, 0.09121400117874146, 0.0018763872794806957, 0.0006479634321294725]"
367,"[0.0019166332203894854, 0.0005678090383298695, 0.999748170375824, 0.0005903856363147497]"
368,"[0.9998894929885864, 0.0005302656209096313, 0.00037728543975390494, 0.0009140949114225805]"
369,"[0.9999041557312012, 0.0005566305480897427, 0.0006047540227882564, 0.0007488264236599207]"
370,"[0.0011675305431708694, 0.999852180480957, 0.000898789323400706, 0.00027916222461499274]"
371,"[0.0004721279547084123, 0.9997935891151428, 0.000813283259049058, 0.0006078885053284466]"
372,"[0.9998927116394043, 0.0007401849143207073, 0.0004919649800285697, 0.0005321222124621272]"
373,"[0.0006944070337340236, 0.9998739957809448, 0.0005704739014618099, 0.0009374061482958496]"
374,"[0.0008849021978676319, 0.9998383522033691, 0.000548501149751246, 0.000540256907697767]"
375,"[0.0006036972627043724, 0.9996609687805176, 0.0008626537746749818, 0.0004730809887405485]"
376,"[0.010712605901062489, 0.943336009979248, 2.1537258362513967e-05, 0.033694516867399216]"
377,"[0.8044248223304749, 0.9720679521560669, 8.404346590396017e-05, 0.00018096543499268591]"
378,"[0.0007042543147690594, 0.9997805953025818, 0.0005279509932734072, 0.0004396804724819958]"
379,"[0.0009203263907693326, 0.9998095631599426, 0.0006786330486647785, 0.00038649243651889265]"
380,"[0.0016942925285547972, 0.9998582601547241, 0.0005610339576378465, 0.0003069440135732293]"
381,"[0.00028154964093118906, 0.9997099041938782, 0.0007995656924322248, 0.0010819007875397801]"
382,"[0.0010231842752546072, 0.9998664855957031, 0.0005024890415370464, 0.0006058684084564447]"
383,"[0.0008298742468468845, 0.9998829364776611, 0.0004119324730709195, 0.0012162078637629747]"
384,"[0.0010912659345194697, 0.9998798370361328, 0.0005206919158808887, 0.0005164472386240959]"
385,"[0.0038272531237453222, 0.9989606142044067, 0.000698968069627881, 0.00013041750935371965]"
386,"[0.0036096174735575914, 0.999841570854187, 0.0003708557633217424, 0.00031840059091337025]"
387,"[0.0006562881171703339, 0.014367802068591118, 0.00037864260957576334, 0.9958233833312988]"
388,"[0.0007278207922354341, 0.9997715353965759, 0.0006024468457326293, 0.0004035108140669763]"
389,"[0.25022438168525696, 0.9785001277923584, 0.00041218646219931543, 5.2510575187625363e-05]"
390,"[0.001024894998408854, 0.9998886585235596, 0.00048611799138598144, 0.000668566906824708]"
391,"[0.000622383551672101, 0.999810516834259, 0.0007224444416351616, 0.0005175432306714356]"
392,"[0.0008532899664714932, 0.9998557567596436, 0.0005613024695776403, 0.0005284572253003716]"
393,"[0.0012247349368408322, 0.9998518228530884, 0.0005761382053606212, 0.00036859684041701257]"
394,"[0.0012783051934093237, 0.0010210201144218445, 0.9998482465744019, 0.0005487736198119819]"
395,"[0.0009623854421079159, 0.0008131294744089246, 0.9998564720153809, 0.0008851384045556188]"
396,"[0.0005415716441348195, 0.0019112244481220841, 0.9998050332069397, 0.0009461173904128373]"
397,"[0.0009523519547656178, 0.0011289481772109866, 0.0011628977954387665, 0.9997839331626892]"
398,"[0.0012075445847585797, 0.0013143621617928147, 0.0006058014114387333, 0.9996412992477417]"
399,"[0.0010571882594376802, 0.0017196841072291136, 0.0006306791328825057, 0.9997765421867371]"
400,"[0.0008031065226532519, 0.001516789197921753, 0.0010399038437753916, 0.9997203946113586]"
401,"[0.0008290288969874382, 0.0013764073373749852, 0.0014317721361294389, 0.9998076558113098]"
402,"[0.00097958545666188, 0.0014475265052169561, 0.0008786483085714281, 0.9997913241386414]"
403,"[0.000980233307927847, 0.0012733477633446455, 0.0012831379426643252, 0.9998177886009216]"
404,"[0.8724473118782043, 0.0024729808792471886, 0.0005097883404232562, 0.9996579885482788]"
405,"[0.8724473118782043, 0.0024729808792471886, 0.0005097883404232562, 0.9996579885482788]"
406,"[0.0003746916772797704, 0.0006687215063720942, 0.037077970802783966, 0.9908084273338318]"
407,"[0.0009953551925718784, 0.0011748882243409753, 0.0012484388425946236, 0.99979168176651]"
408,"[0.999714195728302, 0.003138709580525756, 0.0004882881767116487, 0.0001276365655940026]"
409,"[0.0021382682025432587, 0.0006962280021980405, 0.0008439713274128735, 0.9997492432594299]"
410,"[0.0006982256891205907, 0.9998302459716797, 0.00047369598178192973, 0.0007927563274279237]"
411,"[0.0010947103146463633, 0.0011906469007954001, 0.0012015965767204762, 0.9998270869255066]"
412,"[0.027555882930755615, 0.9999529123306274, 0.0007761986926198006, 0.0021579968743026257]"
413,"[0.9997774958610535, 0.01824643835425377, 0.005612031556665897, 9.510923700872809e-05]"
414,"[0.0007626713486388326, 0.9998824596405029, 0.0004068105772603303, 0.001037759706377983]"
415,"[0.9998626708984375, 0.001074243918992579, 0.0004406730586197227, 0.0003219692735001445]"
416,"[0.9996398687362671, 0.012041225098073483, 0.00756776612251997, 5.624195182463154e-05]"
417,"[0.9998800754547119, 0.0007368721999228001, 0.0004908681730739772, 0.00043461722088977695]"
418,"[0.9965925812721252, 0.0006256996421143413, 0.00021933535754214972, 0.0005982110742479563]"
419,"[0.9998781681060791, 0.0004727552877739072, 0.000480155082186684, 0.0006645505200140178]"
420,"[0.9998003840446472, 0.0012387577444314957, 0.0008136453106999397, 0.0001550621964270249]"
421,"[0.9998623132705688, 0.0007655873196199536, 0.0009614244918338954, 0.0003969447279814631]"
422,"[0.9998449087142944, 0.0005579075077548623, 0.0005170336226001382, 0.0003519156889524311]"
423,"[0.9998418092727661, 0.000769091013353318, 0.0003891350352205336, 0.0004267870099283755]"
424,"[0.9998968839645386, 0.0008320754277519882, 0.00045120224240235984, 0.0005078650428913534]"
425,"[0.9985563158988953, 0.9719197154045105, 0.0038441941142082214, 0.000293754885205999]"
426,"[0.0002926571178250015, 0.9978852868080139, 0.007932662963867188, 0.00016820388555061072]"
427,"[0.000766090874094516, 0.000924681022297591, 0.9998117089271545, 0.000750809209421277]"
428,"[0.0014917465159669518, 0.000989323714748025, 0.0011257634032517672, 0.9998206496238708]"
429,"[0.0014350113924592733, 0.0009436237742193043, 0.0009533432312309742, 0.99979168176651]"
430,"[0.0012438500998541713, 0.0011237014550715685, 0.0009199401829391718, 0.9998084902763367]"
431,"[0.0009777527302503586, 0.9998996257781982, 0.0005761260981671512, 0.0006834805244579911]"
432,"[0.00045908658648841083, 0.9998006224632263, 0.0009518443839624524, 0.00047779898159205914]"
433,"[0.0003106629301328212, 0.9989792108535767, 0.002249977318570018, 0.00030117775895632803]"
434,"[0.0008394806645810604, 0.9998843669891357, 0.0004682992585003376, 0.0008519640541635454]"
435,"[0.027555882930755615, 0.9999529123306274, 0.0007761986926198006, 0.0021579968743026257]"
436,"[0.0002654962008818984, 0.999414324760437, 0.00033088435884565115, 0.09151313453912735]"
437,"[0.0005561888101510704, 0.9998248219490051, 0.0009737946675159037, 0.0008608719799667597]"
438,"[0.0009535558056086302, 0.9999016523361206, 0.0004473382141441107, 0.0009578486788086593]"
439,"[0.0007422662456519902, 0.9998470544815063, 0.0007390051032416523, 0.0004720924189314246]"
440,"[0.0005794205935671926, 0.9996767044067383, 0.0007366219069808722, 0.0004592428740579635]"
441,"[0.9998968839645386, 0.0008716711890883744, 0.0005705348448827863, 0.00038320390740409493]"
442,"[0.9998912811279297, 0.001175340497866273, 0.00046237208880484104, 0.0003370922349859029]"
443,"[0.0008279915200546384, 0.9998906850814819, 0.0007618023082613945, 0.0007963713142089546]"
444,"[0.0006854315870441496, 0.9998137354850769, 0.0005893093766644597, 0.0004056166799273342]"
445,"[0.0009521881002001464, 0.9998760223388672, 0.0005388172576203942, 0.00047534547047689557]"
446,"[0.0012632495490834117, 0.9998732805252075, 0.0007445992669090629, 0.0007123862160369754]"
447,"[0.0016830257372930646, 0.9998995065689087, 0.0005014744237996638, 0.0006790680345147848]"
448,"[0.000732129265088588, 0.9998644590377808, 0.00049612793372944, 0.0007424558280035853]"
449,"[0.0006781516713090241, 0.9997629523277283, 0.0004938007332384586, 0.0006218487396836281]"
450,"[0.000959377211984247, 0.9998677968978882, 0.0005103802541270852, 0.000571772747207433]"
451,"[0.23654983937740326, 0.9829861521720886, 0.004403519444167614, 1.4374536476680078e-05]"
452,"[0.0006615277961827815, 0.9997593760490417, 0.001020347699522972, 0.00045009629684500396]"
453,"[0.002089061541482806, 0.9998738765716553, 0.000450515013653785, 0.00035815552109852433]"
454,"[0.9998880624771118, 0.0008024601265788078, 0.0005182730965316296, 0.00038609415059909225]"
455,"[0.9998792409896851, 0.0006157340831123292, 0.0003771637275349349, 0.0007247214671224356]"
456,"[0.00033134871046058834, 0.9996142387390137, 0.0012275230837985873, 0.00036206672666594386]"
457,"[0.0009382398566231132, 0.9998811483383179, 0.0005268859677016735, 0.0005031768232584]"
458,"[0.9998809099197388, 0.0008472823537886143, 0.0005558453849516809, 0.00032088786247186363]"
459,"[0.0010262193391099572, 0.9995914101600647, 0.0005111019709147513, 0.0003794075164478272]"
460,"[0.9997230172157288, 0.008821622468531132, 0.0028421205934137106, 8.678319863975048e-05]"
461,"[0.0009716738131828606, 0.9998862743377686, 0.0004810793907381594, 0.0010480653727427125]"
462,"[0.0008232955005951226, 0.9998658895492554, 0.00046846759505569935, 0.0006012118537910283]"
463,"[0.9998766183853149, 0.0007034697919152677, 0.0005369692225940526, 0.0003794295771513134]"
464,"[0.0007886464009061456, 0.9998886585235596, 0.0004130986926611513, 0.0011528130853548646]"
465,"[0.0013333655660972, 0.9998687505722046, 0.00037155402242206037, 0.0005041222902946174]"
466,"[0.9998713731765747, 0.0006088272202759981, 0.0005300382035784423, 0.00047763227485120296]"
467,"[0.0010667258175089955, 0.9999111890792847, 0.0004870804841630161, 0.0010817745933309197]"
468,"[0.0003124102659057826, 0.8509827852249146, 0.0002590107615105808, 0.9881253242492676]"
469,"[0.9998784065246582, 0.0009004359017126262, 0.000631134316790849, 0.00028108994592912495]"
470,"[0.0010337135754525661, 0.0006101804319769144, 0.9998465776443481, 0.0012287801364436746]"
471,"[0.0006055828998796642, 0.9997822642326355, 0.0013093817979097366, 0.0003743688575923443]"
472,"[0.999885082244873, 0.0005746426759287715, 0.0005850925226695836, 0.0004727012128569186]"
473,"[0.0010111482115462422, 0.0008072216296568513, 0.9998722076416016, 0.0009359612595289946]"
474,"[0.9998654127120972, 0.0010492941364645958, 0.0012350572505965829, 0.0002153929672203958]"
475,"[0.9998871088027954, 0.0005675485008396208, 0.0005382269737310708, 0.0005696178996004164]"
476,"[0.9998890161514282, 0.0017852111486718059, 0.004616394639015198, 0.000281367712887004]"
477,"[0.9998464584350586, 0.0004048500850331038, 0.0005456023500300944, 0.0005752835422754288]"
478,"[0.9998593330383301, 0.0004390503454487771, 0.001432207878679037, 0.00028045097133144736]"
479,"[0.0009716891217976809, 0.0010739879216998816, 0.9998723268508911, 0.0007911642896942794]"
480,"[0.9995859265327454, 0.00715697230771184, 0.0009562693303450942, 7.81346534495242e-05]"
481,"[0.001092884223908186, 0.0012102281907573342, 0.9998420476913452, 0.0006257229251787066]"
482,"[0.0010854231659322977, 0.0008934796787798405, 0.9998770952224731, 0.0007611216278746724]"
483,"[0.0011527461465448141, 0.0009610407869331539, 0.999825656414032, 0.0009943735785782337]"
484,"[0.0009650949505157769, 0.0006879082066006958, 0.9998675584793091, 0.0011416989145800471]"
485,"[0.0013249025214463472, 0.0006503707263618708, 0.99986732006073, 0.0008923792047426105]"
486,"[0.000928725115954876, 0.0009016326512210071, 0.9998703002929688, 0.0008724041981622577]"
487,"[0.001082274946384132, 0.0006942902691662312, 0.9998705387115479, 0.0009750864701345563]"
488,"[0.0009741886169649661, 0.0009448165656067431, 0.9998695850372314, 0.0007293347152881324]"
489,"[0.0006905680638737977, 0.001874311943538487, 0.9998706579208374, 0.0008116474491544068]"
490,"[0.0013373844558373094, 0.0007891933782957494, 0.9998685121536255, 0.0009235910838469863]"
491,"[0.0011134666856378317, 0.0007630104664713144, 0.9998812675476074, 0.0009207166731357574]"
492,"[0.001064157928340137, 0.0009714622283354402, 0.999881386756897, 0.0007454320439137518]"
493,"[0.9998879432678223, 0.0004966919659636915, 0.0005925633595325053, 0.0005872415495105088]"
494,"[0.0024461508728563786, 0.00048446559230796993, 0.9998302459716797, 0.000690505956299603]"
495,"[0.0026022049132734537, 0.000494889507535845, 0.9998383522033691, 0.000648306857328862]"
496,"[0.0012323480332270265, 0.000980586395598948, 0.999860405921936, 0.0006242766394279897]"
497,"[0.0010424570646137, 0.0008655128185637295, 0.9998859167098999, 0.0009568184032104909]"
498,"[0.9998354911804199, 0.0005034567438997328, 0.000842105713672936, 0.0002982915611937642]"
499,"[0.9998732805252075, 0.0005529997288249433, 0.0005134614766575396, 0.0005856016068719327]"
500,"[0.0008590733050368726, 0.0012429902562871575, 0.9996479749679565, 0.0004972160677425563]"
501,"[0.0009802902350202203, 0.0008470736211165786, 0.9998716115951538, 0.000947440741583705]"
502,"[0.0009585840743966401, 0.0010417287703603506, 0.9998732805252075, 0.0008478075615130365]"
503,"[0.1232534646987915, 0.0006642491207458079, 0.9979339838027954, 0.00011419990187278017]"
504,"[0.0013102381490170956, 0.0007077374029904604, 0.9998189806938171, 0.0007387899677269161]"
505,"[0.0007262718863785267, 0.0017254730919376016, 0.9997356534004211, 0.0006323228008113801]"
506,"[0.001056745764799416, 0.0006419013370759785, 0.999853253364563, 0.000976084265857935]"
507,"[0.9998264908790588, 0.0002661008620634675, 0.0010665836744010448, 0.0006419873679988086]"
508,"[0.0009247304406017065, 0.0009483496542088687, 0.9998524188995361, 0.000814379018265754]"
509,"[0.0009269354050047696, 0.0010207609739154577, 0.9998760223388672, 0.0008377425838261843]"
510,"[0.0007381210452876985, 0.0015347229782491922, 0.9998227953910828, 0.0008481889963150024]"
511,"[0.0006761089316569269, 0.001132457284256816, 0.9998146891593933, 0.0008516552043147385]"
512,"[0.00112979207187891, 0.0007393177947960794, 0.9998773336410522, 0.0009262466919608414]"
513,"[0.0009701636736281216, 0.0008952718926593661, 0.9998760223388672, 0.0009546753135509789]"
514,"[0.0010617196094244719, 0.0007792676915414631, 0.9998729228973389, 0.0009877086849883199]"
515,"[0.000969405984506011, 0.0008287517121061683, 0.999876856803894, 0.0010171666508540511]"
516,"[0.000969405984506011, 0.0008287517121061683, 0.999876856803894, 0.0010171666508540511]"
517,"[0.0011196555569767952, 0.0006500940071418881, 0.9998692274093628, 0.0009701636736281216]"
