index,logits
0,"[0.9999998807907104, 5.474445288200513e-07, 4.51688310931786e-06, 2.3326228983933106e-05]"
1,"[5.935538410994923e-06, 2.5635852580307983e-05, 0.9999998807907104, 7.495356157960487e-07]"
2,"[0.9999998807907104, 4.3034259533669683e-07, 2.609714783829986e-06, 1.408877142239362e-05]"
3,"[0.15557532012462616, 0.0004502754600252956, 0.9548742175102234, 0.000385209423257038]"
4,"[0.9999995231628418, 1.4987534768806654e-06, 3.871153694490204e-06, 0.0026713793631643057]"
5,"[4.4029209789187007e-07, 1.249131491931621e-05, 1.0, 3.2678289585419407e-07]"
6,"[1.0, 4.5160427362134214e-06, 3.920269193713466e-07, 0.00011612269736360759]"
7,"[0.9999998807907104, 5.307821879796393e-07, 6.628036771871848e-06, 4.560537126963027e-05]"
8,"[2.730334358602704e-07, 4.0408394852420315e-06, 1.0, 1.4546352531397133e-06]"
9,"[0.9999998807907104, 1.5736667080545885e-07, 1.0886192285397556e-06, 1.2426537978171837e-05]"
10,"[0.9999978542327881, 9.753848217997074e-08, 8.297551539726555e-05, 1.3522364497475792e-05]"
11,"[1.8489508590846526e-07, 5.562100341194309e-06, 1.0, 5.733346597480704e-07]"
12,"[0.9999995231628418, 8.373084483537241e-07, 2.4461276552756317e-05, 2.496930210327264e-05]"
13,"[4.885785642727569e-07, 1.084487848856952e-06, 1.0, 1.666621301410487e-06]"
14,"[1.0, 1.343448366242228e-05, 3.564703376923717e-07, 0.00025187336723320186]"
15,"[5.498128302861005e-06, 0.9999986886978149, 7.684067895752378e-06, 2.3662607873120578e-07]"
16,"[9.462670277571306e-05, 4.321861524658743e-06, 0.00014938546519260854, 0.999994158744812]"
17,"[0.9997004270553589, 5.499489930116397e-07, 0.00026429680292494595, 0.03925957903265953]"
18,"[0.022534562274813652, 8.616545699169365e-08, 0.9901946187019348, 0.22466672956943512]"
19,"[0.9999724626541138, 2.3812219751562225e-07, 6.367174501065165e-05, 0.9239888191223145]"
20,"[6.098187554925971e-07, 3.3409501156711485e-06, 0.06317055970430374, 0.9996545314788818]"
21,"[2.180989940825384e-05, 5.230367605690844e-07, 0.0001598587114131078, 0.9999940395355225]"
22,"[0.99951171875, 4.8969063470849505e-08, 0.15167756378650665, 5.100400812807493e-05]"
23,"[3.0119868824840523e-05, 7.371305400738493e-05, 0.9999797344207764, 4.2778912757057697e-05]"
24,"[1.7524391182632826e-07, 1.2143416824983433e-05, 0.0072264051996171474, 0.9999676942825317]"
25,"[0.986922025680542, 1.0852104281866559e-07, 0.5900554656982422, 0.0009286958375014365]"
26,"[0.002473673550412059, 0.9999940395355225, 3.237613555029384e-06, 2.014267556660343e-05]"
27,"[2.4593576952725016e-08, 0.9998996257781982, 0.028072528541088104, 5.605070327874273e-07]"
28,"[0.011914600618183613, 1.713305937300902e-05, 0.7931532859802246, 0.40453314781188965]"
29,"[0.999782145023346, 3.4178717100985523e-07, 6.740538793792439e-08, 0.9651983976364136]"
30,"[0.9999992847442627, 8.896321332940715e-07, 0.0032882671803236008, 1.3870659358872217e-06]"
31,"[0.47913655638694763, 3.0051519388507586e-06, 5.794015933702212e-09, 0.9999769926071167]"
32,"[2.5030885808519088e-05, 7.092563123478612e-07, 0.9997051358222961, 0.01518003549426794]"
33,"[0.9999756813049316, 0.9985038042068481, 1.5333751434809528e-05, 0.9754157662391663]"
34,"[0.9999998807907104, 0.025186961516737938, 8.49498889010647e-08, 0.0010566033888608217]"
35,"[1.0, 2.75619349849876e-05, 1.3883417295801337e-06, 0.0002664344501681626]"
36,"[0.9999998807907104, 0.036981575191020966, 3.0623874636148685e-07, 0.0009270019945688546]"
37,"[0.9946215152740479, 0.018365055322647095, 1.0821158191731683e-08, 0.8431195616722107]"
38,"[0.0013587153516709805, 0.9976268410682678, 0.00015059711586218327, 0.6139653325080872]"
39,"[0.9999932050704956, 1.869698280643206e-05, 0.0015551820397377014, 0.010720239020884037]"
40,"[0.8314232230186462, 1.2994573239666352e-07, 0.9976049661636353, 9.413388397661038e-06]"
41,"[0.9999957084655762, 0.00041137347579933703, 1.3827899238094687e-05, 0.9999967813491821]"
42,"[3.6446268495637923e-05, 0.9998028874397278, 2.0955603758920915e-06, 0.20814363658428192]"
43,"[0.9999725818634033, 8.44078513750901e-08, 1.0816074791364372e-05, 5.342118311091326e-05]"
44,"[0.9999980926513672, 3.5314286606080714e-07, 1.199499479298538e-06, 0.042424269020557404]"
45,"[3.0111850719549693e-05, 8.676094012116664e-07, 1.784479718480725e-05, 0.9999997615814209]"
46,"[0.9999995231628418, 0.0006864232127554715, 4.149542931486394e-08, 0.029931455850601196]"
47,"[3.31182405943764e-07, 3.17815079142747e-07, 8.264976349892095e-05, 0.9999996423721313]"
48,"[0.0026847010012716055, 0.0020394478924572468, 0.0010912991128861904, 0.9983516931533813]"
49,"[0.9999990463256836, 9.686918645002152e-08, 3.18032334689633e-06, 5.72088138142135e-05]"
50,"[0.9999994039535522, 1.3246198250271846e-05, 1.1086424223094582e-07, 0.004062996245920658]"
51,"[0.9999998807907104, 5.187584520172095e-06, 1.1740754644051776e-06, 3.0177741336956387e-06]"
52,"[2.660105792529066e-06, 6.059849511075299e-07, 3.600671107051312e-06, 0.9999998807907104]"
53,"[0.0660715326666832, 1.4229334510673652e-06, 7.833550625946373e-07, 0.9999959468841553]"
54,"[0.9999998807907104, 0.015809204429388046, 6.961705366848037e-06, 0.0003214720927644521]"
55,"[0.000208062949241139, 2.0027957361890003e-05, 0.9999998807907104, 3.4447091366018867e-06]"
56,"[3.4794329621945508e-06, 0.9999995231628418, 6.542312576129916e-07, 5.025041900807992e-06]"
57,"[0.9986214637756348, 0.9993975162506104, 7.225555265222283e-09, 4.44699793433756e-07]"
58,"[1.1869869922520593e-05, 0.9999991655349731, 1.5223916989270947e-06, 2.2601574301006622e-07]"
59,"[5.463122647597629e-07, 0.9993789196014404, 0.0003034092951565981, 0.00011310315312584862]"
60,"[4.355025566837867e-07, 0.9999995231628418, 3.7220859212538926e-06, 2.388008624620852e-06]"
61,"[0.07653814554214478, 6.285940617090091e-05, 2.4342869053839422e-08, 0.9999810457229614]"
62,"[0.9999616146087646, 0.996274471282959, 1.1858523407681787e-07, 7.207225280581042e-05]"
63,"[4.461942282318887e-08, 0.00085081608267501, 0.9999979734420776, 5.754129261958951e-08]"
64,"[0.9999215602874756, 0.9726965427398682, 3.5992211877555746e-08, 2.906661222823459e-07]"
65,"[0.9999996423721313, 0.0003783997381106019, 2.278267174915527e-06, 3.1629869567950664e-07]"
66,"[1.9300890926388092e-05, 0.9999995231628418, 4.977518983650953e-07, 8.49707760153251e-07]"
67,"[0.9983217120170593, 0.9989222288131714, 1.1375554720416403e-07, 1.5378389434772544e-05]"
68,"[4.5579727725453267e-07, 0.9999974966049194, 8.85229655978037e-06, 5.798694928671466e-06]"
69,"[2.713153719469119e-07, 0.009769823402166367, 0.9999258518218994, 5.235507956058427e-07]"
70,"[0.999981164932251, 1.376275122311199e-05, 2.612383980249433e-07, 0.6302065253257751]"
71,"[0.9484772682189941, 0.999992847442627, 9.680876473794342e-07, 0.00016204935673158616]"
72,"[0.9999997615814209, 2.6256087949150242e-05, 1.3817802937410306e-05, 0.0008608194766566157]"
73,"[1.8994900585767027e-07, 0.9900571703910828, 1.7870736002123522e-08, 0.9710956811904907]"
74,"[0.0004224852891638875, 1.863880129349127e-06, 0.2750261127948761, 0.7386828064918518]"
75,"[1.0, 2.75619349849876e-05, 1.3883417295801337e-06, 0.0002664344501681626]"
76,"[2.4318146643054206e-06, 0.9999996423721313, 2.045258952421136e-06, 9.400447424923186e-07]"
77,"[1.0062124289333951e-07, 0.9999984502792358, 7.666653800697532e-06, 4.923677806800697e-06]"
78,"[4.937450626130158e-07, 0.9999994039535522, 3.4908620705209614e-07, 0.00011135494423797354]"
79,"[1.0, 5.733163561671972e-05, 2.7320709250489017e-08, 1.124425125453854e-05]"
80,"[0.015568548813462257, 0.9999276399612427, 1.4296467121255318e-08, 0.004087700508534908]"
81,"[0.9907897710800171, 0.9999253749847412, 5.18632532475749e-07, 0.0028445564676076174]"
82,"[0.9999996423721313, 0.16851864755153656, 5.090452148692748e-08, 2.6029861146525946e-06]"
83,"[0.9000091552734375, 0.11101251095533371, 9.696272229575698e-08, 0.02222370356321335]"
84,"[1.559964744046738e-07, 0.9999984502792358, 9.524404049443547e-06, 2.147982058886555e-06]"
85,"[0.9999994039535522, 0.890598714351654, 2.399834215793817e-07, 7.055013702483848e-05]"
86,"[0.9999889135360718, 3.1676560041660196e-08, 0.0001565333514008671, 4.5865081119700335e-06]"
87,"[0.9999215602874756, 2.0963000224583084e-06, 1.0688168913475238e-05, 4.209564849588787e-06]"
88,"[0.9999756813049316, 0.9985038042068481, 1.5333751434809528e-05, 0.9754157662391663]"
89,"[0.9999994039535522, 0.18349593877792358, 6.36423402866626e-09, 0.00020628493803087622]"
90,"[7.536326052104414e-07, 0.0003518972371239215, 0.9999977350234985, 3.29111139762972e-06]"
91,"[0.9999982118606567, 2.1551915097006713e-07, 7.071288109727902e-06, 0.012026281096041203]"
92,"[0.013957442715764046, 0.9999982118606567, 1.5188471991223196e-07, 0.00014676495629828423]"
93,"[1.2758130651491228e-05, 0.9999991655349731, 9.687732216434597e-08, 1.3433984349831007e-05]"
94,"[0.005929902661591768, 0.37522050738334656, 4.525867325355648e-08, 0.9753513932228088]"
95,"[2.343080495847971e-06, 0.9999997615814209, 4.889328693025163e-07, 7.411632850562455e-06]"
96,"[0.5334994196891785, 2.4821102329042333e-07, 0.9998582601547241, 4.1204722833754204e-07]"
97,"[6.349472187139327e-06, 0.9999983310699463, 2.447476177280805e-08, 0.00038683542516082525]"
98,"[0.9999744892120361, 8.483607416565064e-06, 0.0012643617810681462, 0.00040203085518442094]"
99,"[0.0007536950288340449, 1.3010032489546575e-05, 0.9998093247413635, 0.00021596816077362746]"
100,"[0.9999998807907104, 4.382005158731772e-07, 5.159009106137091e-06, 7.467191608157009e-06]"
101,"[0.9999306201934814, 0.9967980980873108, 1.1607364314158986e-07, 2.5845754862530157e-05]"
102,"[0.9999998807907104, 0.13294096291065216, 1.1629935414703141e-07, 0.00030533032258972526]"
103,"[0.9999756813049316, 0.9985038042068481, 1.5333751434809528e-05, 0.9754157662391663]"
104,"[0.9999756813049316, 0.9985038042068481, 1.5333751434809528e-05, 0.9754157662391663]"
105,"[1.0, 0.0002605821646284312, 2.7117621925754065e-07, 3.526570071699098e-05]"
106,"[0.9999998807907104, 1.0814688948812545e-06, 1.7009801013045944e-05, 0.0005516748642548919]"
107,"[1.0, 0.00010737413686001673, 7.343152930161523e-08, 1.902509029605426e-05]"
108,"[1.0, 2.874779170269903e-07, 4.641979103325866e-07, 4.4719949073623866e-05]"
109,"[9.675663932284806e-06, 4.119103778066346e-06, 1.3265703273646068e-06, 1.0]"
110,"[0.0034761568531394005, 9.721697097120341e-06, 0.0713760107755661, 0.9570130705833435]"
111,"[0.9427794218063354, 0.017000602558255196, 0.00014580819697584957, 0.026801016181707382]"
112,"[0.9992659687995911, 5.562410976267529e-08, 0.8570557236671448, 1.1638938985925051e-06]"
113,"[1.0, 4.2699106415966526e-05, 3.0821209406894923e-07, 6.867021147627383e-05]"
114,"[9.822139901416449e-08, 2.037205376836937e-06, 3.0739669455215335e-05, 0.9999998807907104]"
115,"[1.0, 1.0850404578377493e-05, 5.944755798736878e-07, 1.6748777852626517e-05]"
116,"[2.3937363948789425e-05, 2.4928998755058274e-05, 0.9999561309814453, 4.281772635295056e-05]"
117,"[6.958898097764177e-07, 0.9999985694885254, 2.1923867734585656e-06, 6.4591034742989e-07]"
118,"[1.0, 4.2448305066500325e-06, 1.9343936230598047e-07, 6.1859241213824134e-06]"
119,"[0.9999957084655762, 0.00041137347579933703, 1.3827899238094687e-05, 0.9999967813491821]"
120,"[0.999993085861206, 6.169088351271057e-07, 0.000490458682179451, 0.0038759373128414154]"
121,"[0.00027649776893667877, 1.7874660898087313e-06, 1.490039807094945e-07, 0.9999996423721313]"
122,"[1.0, 3.56887369434844e-07, 1.036528374243062e-06, 1.4427178030018695e-05]"
123,"[0.9996228218078613, 6.381380899256328e-07, 0.0163123682141304, 3.570463036339788e-08]"
124,"[0.9999996423721313, 4.6823993216094095e-07, 3.770981265915907e-06, 3.734894926310517e-05]"
125,"[0.9999959468841553, 4.776723471877631e-06, 0.00028002297040075064, 5.674073122463597e-07]"
126,"[1.0, 3.699980481997045e-07, 7.643341746188526e-07, 5.740084088756703e-05]"
127,"[0.9996602535247803, 0.7722503542900085, 2.111486807621077e-08, 1.0783848836126708e-07]"
128,"[0.9897560477256775, 5.41465169590083e-07, 0.6651697754859924, 1.6120840200528619e-06]"
129,"[0.999995231628418, 1.6474106701025448e-07, 0.00017198971181642264, 3.6571920645656064e-05]"
130,"[1.0, 3.592928976559051e-07, 4.74036880859785e-07, 1.0840775757969823e-05]"
131,"[1.0, 1.041733980855497e-06, 3.579050940061279e-07, 6.597767060156912e-05]"
132,"[3.7871377571718767e-06, 0.9999996423721313, 8.999359124572948e-07, 1.7866616417450132e-06]"
133,"[1.0, 7.335634290939197e-05, 5.329785039975832e-07, 2.3757042072247714e-05]"
134,"[0.9999125003814697, 1.324403342550795e-07, 0.03904910385608673, 5.985007760500594e-07]"
135,"[0.9999995231628418, 6.080690582166426e-07, 4.044669549330138e-05, 8.835580047161784e-06]"
136,"[4.788687419932103e-07, 1.833482656365959e-06, 1.0, 1.1071764447478927e-06]"
137,"[0.9999998807907104, 6.821945589763345e-06, 1.1442625691415742e-06, 1.6638674424029887e-05]"
138,"[1.0, 1.0469178732819273e-06, 1.1920652696062461e-06, 1.6455309378216043e-05]"
139,"[0.9999998807907104, 4.585597253026208e-07, 8.709380381333176e-06, 2.3241118469741195e-05]"
140,"[0.35181429982185364, 7.338482532759372e-07, 0.9909477829933167, 8.224851910654252e-08]"
141,"[0.9999998807907104, 4.3853080455846793e-07, 8.743799071453395e-07, 6.122129889263306e-06]"
142,"[0.9981895089149475, 5.20962373684597e-07, 0.022153832018375397, 8.242246258305386e-05]"
143,"[0.9988823533058167, 1.778158775778138e-08, 0.6262428164482117, 1.8937363677196117e-07]"
144,"[1.0, 0.02582073211669922, 2.8373443683449295e-07, 3.825938256341033e-05]"
145,"[0.9999938011169434, 0.7380046844482422, 1.0888305013168065e-07, 1.5488054714296595e-06]"
146,"[0.9999997615814209, 0.9887195229530334, 5.66266226087464e-06, 0.07808616757392883]"
147,"[0.99983811378479, 0.9575013518333435, 1.4594860431316192e-07, 0.004412536509335041]"
148,"[0.008185064420104027, 0.9999995231628418, 3.1882309485808946e-06, 1.443957989977207e-05]"
149,"[0.9999964237213135, 0.9912711381912231, 1.7687034414848313e-07, 5.790312116005225e-06]"
150,"[0.9999997615814209, 1.4384753740159795e-05, 1.3476044102844753e-07, 0.00014730669499840587]"
151,"[0.00012030924699502066, 8.346994036401156e-06, 0.042007509618997574, 0.9988470077514648]"
152,"[0.9998049139976501, 3.638517398485419e-07, 0.05961914360523224, 1.630472326041854e-07]"
153,"[0.9999756813049316, 0.9985038042068481, 1.5333751434809528e-05, 0.9754157662391663]"
154,"[1.175607167169801e-06, 0.9999994039535522, 2.5582744456187356e-06, 3.5715737567443284e-07]"
155,"[0.9999991655349731, 0.01725071296095848, 2.8734492119042443e-08, 8.96872961675399e-07]"
156,"[0.9999911785125732, 7.567756483695121e-07, 0.0003594443842303008, 8.179036399269535e-07]"
157,"[0.000209173682378605, 0.0014356717001646757, 0.9996905326843262, 1.1339858474457287e-06]"
158,"[4.662048377213068e-05, 5.269251687423093e-06, 0.003554600989446044, 0.9999536275863647]"
159,"[3.9297795240145206e-08, 0.9999864101409912, 0.00020274498092476279, 1.2315565811604756e-07]"
160,"[0.000208062949241139, 2.0027957361890003e-05, 0.9999998807907104, 3.4447091366018867e-06]"
161,"[1.891334164838554e-07, 2.1809921236126684e-05, 0.9999996423721313, 2.077955087997907e-07]"
162,"[0.9999997615814209, 3.3255219022976235e-07, 3.140589797112625e-06, 3.8620382838416845e-05]"
163,"[0.008457763120532036, 0.0008569774799980223, 0.9994897842407227, 4.393772101707327e-08]"
164,"[1.0, 6.0451155150076374e-05, 3.3674009500828106e-06, 2.9737051590927877e-05]"
165,"[1.0, 1.6203392760871793e-06, 1.0879393812501803e-06, 6.040326479705982e-05]"
166,"[0.9999936819076538, 0.8531773090362549, 1.770272746171031e-07, 1.0218695933872368e-06]"
167,"[0.9999992847442627, 0.10094018280506134, 2.0483780645008665e-06, 2.5831663151620887e-05]"
168,"[0.9999996423721313, 4.6823993216094095e-07, 3.770981265915907e-06, 3.734894926310517e-05]"
169,"[0.9999998807907104, 1.9697915831784485e-06, 1.8899811493611196e-06, 9.108753874897957e-05]"
170,"[0.9999998807907104, 3.0773566095376736e-07, 2.1868468138563912e-06, 1.0105308319907635e-05]"
171,"[1.0, 5.263987986836582e-06, 1.3832047898176825e-06, 8.216631613322534e-06]"
172,"[1.0, 0.0001955715415533632, 1.6843496553065052e-07, 4.436878225533292e-05]"
173,"[0.999998927116394, 2.971478174629283e-08, 7.132196060410934e-07, 0.002656555501744151]"
174,"[0.9999997615814209, 0.9887195229530334, 5.66266226087464e-06, 0.07808616757392883]"
175,"[0.9999996423721313, 7.255844991505e-08, 3.3083731977967545e-05, 3.634817176134675e-06]"
176,"[0.999993085861206, 7.300837268076066e-08, 1.8495888980396558e-06, 0.00034736780798994005]"
177,"[0.9999998807907104, 2.3560458430438302e-05, 1.862228202753613e-07, 5.717855628972757e-07]"
178,"[0.8096550107002258, 0.9201973080635071, 0.0003670928126666695, 3.6886322618556733e-07]"
179,"[0.9999997615814209, 2.5773556444619317e-07, 8.521942618244793e-07, 3.788863614317961e-05]"
180,"[0.9999996423721313, 3.813229704974219e-05, 8.723942528376938e-07, 3.7062451951896946e-07]"
181,"[0.997211754322052, 0.9973516464233398, 3.4448980557044706e-08, 9.620721539249644e-05]"
182,"[0.9999995231628418, 1.4356165593198966e-05, 1.4950510163203035e-08, 0.03561150282621384]"
183,"[0.9999997615814209, 7.157038339755672e-07, 4.665194865083322e-06, 3.9935684981173836e-06]"
184,"[0.9999996423721313, 8.606663755017507e-07, 5.695070285582915e-06, 2.223338242401951e-06]"
185,"[2.8038202799507417e-05, 2.385495918133529e-06, 0.9999997615814209, 9.092124741982843e-08]"
186,"[1.0, 1.6787017784736236e-06, 2.0833880398640758e-07, 0.00030217290623113513]"
187,"[0.9999982118606567, 1.0582105858247814e-08, 8.851214374772098e-07, 0.000904348969925195]"
188,"[0.9999998807907104, 1.4487649480088294e-07, 1.6619519556115847e-06, 2.267793024657294e-05]"
189,"[5.8869340136880055e-05, 0.003148261923342943, 0.9999842643737793, 7.864013440439521e-09]"
190,"[0.9999988079071045, 1.4254023028570373e-07, 2.0913117623422295e-05, 8.888341653801035e-06]"
191,"[1.0, 9.123920790443663e-06, 8.198841783269017e-07, 4.601053660735488e-05]"
192,"[0.9999997615814209, 1.0263440941571389e-07, 4.514712145464728e-06, 1.6662968846503645e-05]"
193,"[0.9917397499084473, 0.9999275207519531, 3.6171675219520694e-06, 4.8665315262041986e-05]"
194,"[0.002681415295228362, 0.9999973773956299, 7.762738363226163e-08, 2.954359479190316e-05]"
195,"[0.037040773779153824, 0.019336115568876266, 0.1492454707622528, 0.003350531915202737]"
196,"[0.020152628421783447, 0.24527880549430847, 0.00892604235559702, 0.0012942336034029722]"
197,"[0.9967783093452454, 0.016460763290524483, 0.0012772170593962073, 4.0344716012441495e-07]"
198,"[0.9999996423721313, 2.189315273426473e-05, 1.3724034943152219e-05, 1.4519866908813128e-06]"
199,"[0.9999997615814209, 1.9819384533548146e-07, 1.9970461835328024e-06, 5.213090844335966e-06]"
200,"[1.0, 9.053073881659657e-05, 2.510494425678189e-07, 1.4991243006079458e-05]"
201,"[0.9999994039535522, 3.520934842526913e-05, 5.840738958795555e-05, 3.903045126207871e-06]"
202,"[0.9999891519546509, 2.080076022537014e-08, 0.0006629854324273765, 6.38075107417535e-06]"
203,"[4.0616498608869733e-07, 2.9782000638078898e-05, 0.9999998807907104, 1.2774862057085556e-07]"
204,"[5.890589363843901e-06, 0.02014320343732834, 0.441333532333374, 0.0015807503368705511]"
205,"[0.0002166425547329709, 0.00024504520115442574, 0.9659420847892761, 0.00023167340259533376]"
206,"[4.230761962986662e-09, 0.9997323155403137, 0.05595582351088524, 3.4032029816444265e-07]"
207,"[0.9999926090240479, 2.1445657694130205e-06, 0.00013513778685592115, 9.65616200119257e-05]"
208,"[0.9999995231628418, 1.9956208063831582e-07, 3.823850420303643e-06, 2.921693294410943e-06]"
209,"[0.999914288520813, 0.3011426329612732, 4.259044672494383e-08, 0.010040204972028732]"
210,"[0.9999879598617554, 1.2518171388364863e-07, 0.00026748969685286283, 3.67841380466416e-06]"
211,"[0.059763938188552856, 0.0001601690601091832, 5.973768679723435e-08, 0.9999822378158569]"
212,"[1.351118896764092e-07, 0.9999990463256836, 6.055244284652872e-06, 1.551106652186718e-05]"
213,"[1.39560157208507e-07, 7.656102752662264e-06, 1.0, 5.449595846584998e-06]"
214,"[0.999852180480957, 0.38422349095344543, 2.492626208550064e-06, 1.4139934137347154e-05]"
215,"[0.0031344378367066383, 0.9999922513961792, 2.631303868838586e-05, 3.475107632766594e-07]"
216,"[4.414045520206855e-07, 0.10518297553062439, 5.427570926030967e-08, 0.9999986886978149]"
217,"[0.9999756813049316, 0.9985038042068481, 1.5333751434809528e-05, 0.9754157662391663]"
218,"[0.8836703300476074, 1.8382939970251755e-06, 3.544650795106463e-08, 0.9999942779541016]"
219,"[1.8722646188962244e-07, 1.3390150570558035e-06, 2.7096444682683796e-05, 0.9999998807907104]"
220,"[0.8482345342636108, 0.999955415725708, 3.316909840123117e-07, 4.221051881359017e-07]"
221,"[0.0003633428132161498, 0.9999997615814209, 3.519630240589322e-07, 9.712782230053563e-06]"
222,"[0.9999982118606567, 0.01827397756278515, 3.417411062400788e-05, 4.712490408564918e-06]"
223,"[0.9999991655349731, 8.719993275008164e-06, 3.0362637062353315e-06, 0.0006094002164900303]"
224,"[1.0, 1.482983680034522e-05, 7.178132932494918e-07, 0.0001318009599344805]"
225,"[8.118312848637288e-07, 3.0952012366469717e-06, 5.136824256624095e-05, 0.9999997615814209]"
226,"[4.445570539246546e-06, 3.1992171898309607e-06, 1.5884006643318571e-06, 0.9999998807907104]"
227,"[0.9999756813049316, 0.9985038042068481, 1.5333751434809528e-05, 0.9754157662391663]"
228,"[1.8722646188962244e-07, 1.3390150570558035e-06, 2.7096444682683796e-05, 0.9999998807907104]"
229,"[0.04035289213061333, 0.0010911630233749747, 6.600227789022028e-05, 0.9992617964744568]"
230,"[0.9999998807907104, 4.106031610717764e-06, 6.307294597718283e-07, 0.00012296972272451967]"
231,"[0.9999756813049316, 0.9985038042068481, 1.5333751434809528e-05, 0.9754157662391663]"
232,"[1.963267095561605e-06, 0.9998677968978882, 1.697748075457639e-07, 0.01902945712208748]"
233,"[0.9999980926513672, 2.0896393380098743e-06, 0.0005411234451457858, 0.021074136719107628]"
234,"[0.999985933303833, 0.9995980858802795, 4.772520242113387e-06, 0.12402147054672241]"
235,"[1.0, 1.4203902537701651e-05, 6.766538831470825e-07, 2.2340598661685362e-05]"
236,"[0.9999756813049316, 0.9985038042068481, 1.5333751434809528e-05, 0.9754157662391663]"
237,"[0.00016887755191419274, 6.021447802595503e-07, 1.0341536835767329e-06, 0.9999998807907104]"
238,"[0.9930534958839417, 4.449195145639351e-08, 6.804986441011351e-08, 0.9977385997772217]"
239,"[0.5677078366279602, 1.5108587831491604e-05, 0.0002026203292189166, 0.9991011619567871]"
240,"[5.3405954531626776e-05, 1.560907912789844e-05, 1.2621771929843817e-06, 0.9999995231628418]"
241,"[0.9999756813049316, 0.9985038042068481, 1.5333751434809528e-05, 0.9754157662391663]"
242,"[7.537627766396326e-07, 3.2198886401602067e-07, 5.130547378939809e-06, 1.0]"
243,"[0.9999984502792358, 1.1072629604313988e-06, 8.367658210772788e-08, 0.14041222631931305]"
244,"[0.999997615814209, 1.3942234033947898e-07, 2.414841731024353e-07, 0.42415112257003784]"
245,"[0.999998927116394, 1.1534149962244555e-05, 1.1320360471245294e-07, 0.11389456689357758]"
246,"[9.003986633615568e-06, 1.6814429955047672e-06, 7.908636689535342e-06, 0.9999997615814209]"
247,"[0.9984341263771057, 7.330523317250481e-07, 7.002884103712859e-07, 0.9963635802268982]"
248,"[0.005581772420555353, 2.601827418402536e-06, 3.3465579463154427e-07, 0.9999994039535522]"
249,"[0.03921075910329819, 0.9999600648880005, 4.872040548775658e-08, 5.247493027127348e-05]"
250,"[1.0, 3.425084287300706e-06, 2.4489320367138134e-06, 2.2381840608431958e-05]"
251,"[0.9986764788627625, 0.008717612363398075, 0.0010364456102252007, 0.00033633370185270905]"
252,"[3.2890710599531303e-07, 1.4961671013224986e-07, 0.0003172198194079101, 0.9999998807907104]"
253,"[0.0010779788717627525, 6.764112185919657e-05, 0.9997550845146179, 4.664823063649237e-05]"
254,"[0.9945118427276611, 9.205845685755776e-08, 6.406106081158214e-07, 0.9983400106430054]"
255,"[0.00017432212189305574, 7.294018189440976e-08, 0.00029482186073437333, 0.9999874830245972]"
256,"[0.7354881167411804, 4.448878371476894e-06, 0.9988308548927307, 1.5561950021947268e-06]"
257,"[1.6101571418403182e-06, 0.9999979734420776, 1.1294425661390051e-07, 0.0007107408018782735]"
258,"[0.9997026324272156, 0.004178720526397228, 0.26641109585762024, 3.0969254112278577e-06]"
259,"[0.9999994039535522, 3.402268475838355e-07, 9.888651675282745e-07, 0.016162551939487457]"
260,"[0.0029873375315219164, 4.3487918333084963e-07, 3.8119046052997874e-07, 0.9999998807907104]"
261,"[5.471096665132791e-05, 0.9999969005584717, 9.422305424777733e-08, 0.00023514522763434798]"
262,"[1.0, 1.9448352759354748e-05, 1.23800168694288e-06, 1.0842915799003094e-05]"
263,"[0.9999998807907104, 4.804286436410621e-05, 1.0895908530983434e-07, 0.0004714147362392396]"
264,"[0.9999995231628418, 1.616764393475023e-07, 3.0066286853980273e-05, 0.03752000629901886]"
265,"[0.0008437699289061129, 4.649072309348412e-07, 4.959933448844822e-06, 0.9999983310699463]"
266,"[0.08413445949554443, 1.1672502608917057e-07, 2.591868906165473e-07, 0.9999994039535522]"
267,"[0.999933123588562, 0.018891150131821632, 0.000122119250590913, 3.137778548989445e-05]"
268,"[2.9142194080122863e-07, 2.6094087388628395e-06, 1.0, 3.1959909847500967e-06]"
269,"[3.095593825719334e-08, 0.9998551607131958, 3.9025607634357584e-08, 0.05747354030609131]"
270,"[5.150835704625933e-07, 0.9999985694885254, 1.151116521214135e-06, 6.63491709929076e-06]"
271,"[6.574410917892237e-07, 0.9999992847442627, 9.116110959439538e-07, 4.487809746933635e-06]"
272,"[8.142359320117976e-08, 0.9999990463256836, 4.117026037420146e-06, 1.3665672895513126e-06]"
273,"[0.0003633428132161498, 0.9999997615814209, 3.519630240589322e-07, 9.712782230053563e-06]"
274,"[0.9999997615814209, 1.7176818118969095e-06, 1.5635538147762418e-05, 1.1700856703100726e-05]"
275,"[1.0, 1.5775178781041177e-06, 1.1993656698905397e-06, 1.087292366719339e-05]"
276,"[3.7497582638934546e-07, 0.9999991655349731, 7.09358516814973e-07, 3.0390183383133262e-05]"
277,"[1.0, 5.66406779398676e-05, 4.072409183208947e-07, 0.0009552999399602413]"
278,"[6.134802106316783e-07, 0.9999986886978149, 1.6808323266559455e-07, 9.125264477916062e-05]"
279,"[0.0011451750760897994, 0.9997121691703796, 5.144750403474063e-09, 0.14262764155864716]"
280,"[1.413952475104452e-07, 0.9999994039535522, 1.7224568864548928e-06, 2.283973572048126e-06]"
281,"[0.1984282284975052, 0.9999871253967285, 1.8467073914507637e-07, 3.40331757797685e-06]"
282,"[7.549908787041204e-08, 0.9999994039535522, 1.609753326192731e-06, 4.241973783791764e-06]"
283,"[1.4880941989758867e-07, 0.9999990463256836, 6.39037989458302e-06, 3.1925605981086846e-06]"
284,"[1.8646095156782394e-07, 0.9999996423721313, 3.3804258237069007e-06, 4.337130121712107e-06]"
285,"[0.9999756813049316, 0.9985038042068481, 1.5333751434809528e-05, 0.9754157662391663]"
286,"[1.9129035990772536e-06, 0.9999992847442627, 5.958423116680933e-06, 1.8136660173695418e-06]"
287,"[0.9999996423721313, 4.3909992086810234e-08, 7.281615125975804e-06, 1.0666621165000834e-05]"
288,"[0.9999756813049316, 0.9985038042068481, 1.5333751434809528e-05, 0.9754157662391663]"
289,"[0.9999998807907104, 7.523665317421546e-07, 2.0950510588590987e-06, 5.5604291446798015e-06]"
290,"[0.9999963045120239, 0.0007739887805655599, 4.636408630176447e-05, 0.0038323362823575735]"
291,"[0.9988632202148438, 0.9998775720596313, 1.281547383769066e-06, 2.9126017579983454e-06]"
292,"[0.9999692440032959, 0.549816906452179, 3.57254559268938e-09, 1.6438323655165732e-05]"
293,"[6.365581157297129e-06, 0.9994086027145386, 0.04808973893523216, 4.3471206367939885e-07]"
294,"[1.5933983377180994e-06, 0.9999994039535522, 1.9310680272610625e-06, 7.540187425547629e-07]"
295,"[0.8909459710121155, 0.9977053999900818, 3.6362351352181577e-07, 7.2730124145437e-08]"
296,"[0.9995253086090088, 0.9998492002487183, 2.845096105374978e-06, 1.528842949483078e-05]"
297,"[8.054755016928539e-05, 0.9999990463256836, 1.9846897885145154e-06, 2.7706582272912783e-07]"
298,"[2.1364379790611565e-05, 0.9700049757957458, 0.0011682348558679223, 0.0007248619804158807]"
299,"[3.405408506296226e-06, 2.3097431039786898e-05, 7.048659426800441e-06, 1.0]"
300,"[9.845903150562663e-06, 0.997687816619873, 5.957826587632553e-08, 0.961225152015686]"
301,"[0.9999990463256836, 0.004275816027075052, 1.5000381381469197e-08, 0.00010843217751244083]"
302,"[0.9997767806053162, 7.17942668870819e-07, 0.00579077610746026, 8.524730219505727e-07]"
303,"[3.008231530543526e-08, 0.999991774559021, 6.5964377427008e-06, 1.2224100828461815e-05]"
304,"[0.9723808169364929, 0.9883977770805359, 9.094314009416848e-06, 6.218979251571e-07]"
305,"[0.9999998807907104, 0.0006519774324260652, 1.202346169293378e-07, 8.141002035699785e-05]"
306,"[0.9999778270721436, 1.0931003657788096e-07, 0.0002309764240635559, 0.00020934267377015203]"
307,"[0.007567376364022493, 1.1789737897061059e-07, 0.7658865451812744, 0.32863447070121765]"
308,"[0.013380675576627254, 2.3299929807762965e-07, 0.999825656414032, 1.614989173504e-06]"
309,"[0.0004115066258236766, 0.9993183612823486, 0.003031275700777769, 2.427004233140906e-07]"
310,"[3.42664588970365e-06, 4.279273525753524e-06, 1.0, 5.650685466207506e-07]"
311,"[0.1507256180047989, 1.3029650290263817e-05, 4.119253205203677e-08, 0.9999957084655762]"
312,"[0.9999997615814209, 1.9125758399241022e-07, 3.1714641863800352e-06, 4.401667411002563e-06]"
313,"[0.832193911075592, 7.45967021487104e-09, 8.544728871129337e-07, 0.9981977343559265]"
314,"[0.9999990463256836, 5.003781211598834e-07, 6.57367636449635e-05, 4.389037258079043e-06]"
315,"[0.9999998807907104, 1.1126350045742583e-06, 2.242695927634486e-06, 4.772156444232678e-06]"
316,"[0.9999998807907104, 1.685884427615747e-07, 2.4050264073594008e-06, 2.1719903088524006e-05]"
317,"[0.9999998807907104, 2.3296115614357404e-06, 3.328054845042061e-06, 6.2233857534010895e-06]"
318,"[0.9999961853027344, 4.622409960575169e-06, 7.0516771302209236e-06, 1.1818981874966994e-05]"
319,"[0.9999996423721313, 0.004549477249383926, 4.521864866546821e-06, 0.002167878672480583]"
320,"[0.9996247291564941, 5.595792913482001e-07, 0.08053416758775711, 6.219910915206128e-07]"
321,"[0.9999996423721313, 3.031308608569816e-07, 1.1294915793769178e-06, 0.00035686921910382807]"
322,"[0.9999992847442627, 9.262824818279114e-08, 1.6307803889503703e-05, 0.00018070542137138546]"
323,"[0.9999364614486694, 5.452026385910358e-08, 0.0035200752317905426, 1.4352607422551955e-06]"
324,"[0.02417415753006935, 2.7050413336837664e-05, 0.0006054729456081986, 0.9797817468643188]"
325,"[4.557030479190871e-06, 0.9999586343765259, 5.6192198826465756e-05, 4.722955509350868e-06]"
326,"[0.9999998807907104, 0.14957696199417114, 6.55080953038123e-07, 3.884296347678173e-06]"
327,"[0.00391407823190093, 4.611269233123494e-08, 6.353751018650655e-07, 0.9999986886978149]"
328,"[0.9999977350234985, 2.8792157991119893e-07, 3.1059975299285725e-05, 2.0646013581426814e-05]"
329,"[0.9999996423721313, 7.33865874735784e-08, 3.862229732476408e-06, 3.0496994440909475e-05]"
330,"[0.9999986886978149, 1.3897616213398578e-07, 4.279662243789062e-05, 1.6429891047664569e-06]"
331,"[1.0, 8.098361945485522e-07, 1.6645628875266993e-07, 0.0001301033771596849]"
332,"[0.9999998807907104, 6.050165666238172e-07, 9.12501718630665e-07, 7.562448899989249e-06]"
333,"[1.0, 7.4865588430839125e-06, 3.2157734608517785e-07, 1.7610867871553637e-05]"
334,"[1.0, 0.0038760961033403873, 5.024779170526017e-08, 5.525761935132323e-06]"
335,"[0.9999983310699463, 0.3361722230911255, 2.0239326659066137e-06, 1.2178323913758504e-06]"
336,"[0.9999970197677612, 2.838170019003883e-07, 5.472511475090869e-06, 0.00031432887772098184]"
337,"[0.0020264689810574055, 0.000271894212346524, 9.305377091095579e-08, 0.9999985694885254]"
338,"[1.2982781072423677e-07, 0.0029885803814977407, 0.9999973773956299, 9.674528200775967e-08]"
339,"[1.0, 0.001747624482959509, 6.220379589194636e-08, 1.3724282325711101e-05]"
340,"[1.0, 6.417586700990796e-05, 4.904898105451139e-06, 0.0001223342987941578]"
341,"[2.3762681848893408e-06, 8.877854270394892e-06, 2.3854114260757342e-05, 0.9999997615814209]"
342,"[0.9160543084144592, 0.9999921321868896, 1.0675246358005097e-06, 0.00019284599693492055]"
343,"[0.9999994039535522, 2.772199252376595e-07, 1.6602329196757637e-05, 4.737422386824619e-06]"
344,"[1.299092673434643e-05, 1.0806141972352634e-06, 8.999736564874183e-07, 0.9999998807907104]"
345,"[0.9999386072158813, 4.5922401881171027e-08, 0.047811295837163925, 8.756558713685081e-07]"
346,"[0.7337177395820618, 0.9998751878738403, 4.276652276757886e-08, 7.979466687402237e-08]"
347,"[0.9999996423721313, 1.9709452772076475e-06, 1.706019020275562e-06, 8.264467396656983e-06]"
348,"[0.9995712637901306, 0.9633291959762573, 2.174152626821524e-07, 4.1851603072018406e-08]"
349,"[0.9999998807907104, 5.997858352202456e-07, 6.47484228011308e-07, 2.185241464758292e-05]"
350,"[0.9999998807907104, 2.882702290207817e-07, 7.508248245358118e-07, 1.6641310139675625e-05]"
351,"[0.999993085861206, 5.2757251012280904e-08, 3.919847949873656e-05, 1.407411787113233e-06]"
352,"[0.9999991655349731, 2.5023413741109835e-07, 4.704860657511745e-06, 8.368327689822763e-05]"
353,"[0.9999997615814209, 2.400081200448767e-07, 1.4704828572575934e-06, 0.0007088856073096395]"
354,"[0.9999998807907104, 3.027881803063792e-07, 1.0628345989971422e-06, 3.306471262476407e-05]"
355,"[0.9999996423721313, 2.5556605010024214e-07, 0.00013140855298843235, 1.2361825838524965e-06]"
356,"[0.9999945163726807, 2.4455147240587394e-07, 1.5711594869571854e-06, 0.0021546881180256605]"
357,"[0.9999998807907104, 1.0291340686308104e-06, 1.3057189789833501e-05, 3.5776083677774295e-06]"
358,"[0.796572208404541, 1.7855973055702634e-07, 0.05037727206945419, 0.12646204233169556]"
359,"[0.9999996423721313, 4.582302153721685e-06, 1.4616326780014788e-06, 1.1067920695495559e-06]"
360,"[0.8677219152450562, 0.19751529395580292, 4.94960517016807e-08, 0.00010468752589076757]"
361,"[0.9999992847442627, 7.509715942433104e-07, 5.874057364962937e-07, 5.252479240880348e-05]"
362,"[0.9999995231628418, 3.4474960557417944e-05, 6.011098463432063e-08, 0.0028156184125691652]"
363,"[0.9978429079055786, 1.9546475016340992e-07, 0.00395983224734664, 0.02579408325254917]"
364,"[0.9999984502792358, 2.4735782062634826e-05, 6.077611942600925e-07, 1.2869412557847681e-06]"
365,"[7.087748144840589e-06, 9.945208148565143e-06, 7.667033230518427e-08, 0.9999998807907104]"
366,"[1.3002985724597238e-05, 4.4199186959303916e-06, 0.00010114633914781734, 0.9999997615814209]"
367,"[1.3620290246763034e-06, 6.391921942849876e-06, 3.4364077237114543e-06, 1.0]"
368,"[9.473360114498064e-05, 2.3234854324982734e-06, 1.0443052360642469e-06, 0.9999990463256836]"
369,"[4.514607496730605e-07, 6.006586772855371e-06, 1.0, 1.0918319048869307e-06]"
370,"[0.08782771974802017, 4.173341494606575e-06, 0.9999982118606567, 1.0979192666127346e-06]"
371,"[0.01669112779200077, 7.677070357203775e-07, 0.9999599456787109, 1.131119347519416e-06]"
372,"[1.0, 2.3782722564646974e-06, 8.966149778188992e-08, 0.00038386223604902625]"
373,"[1.0, 1.4275427020038478e-05, 5.553495725507673e-07, 4.2531024519121274e-05]"
374,"[0.2821486294269562, 0.9999533891677856, 5.672304155268648e-07, 1.933797830133699e-05]"
375,"[0.0004181767289992422, 9.996187344540886e-08, 0.0016052810242399573, 0.999967098236084]"
376,"[0.4493313729763031, 2.3259383752360918e-08, 2.803245479299221e-06, 0.9989622831344604]"
377,"[5.492442141985521e-06, 1.323963147115137e-06, 5.0556940550450236e-05, 0.999998927116394]"
378,"[1.969181653294072e-07, 2.0806830889341654e-06, 1.0, 1.4072601288717124e-06]"
379,"[0.9999998807907104, 3.1099802981771063e-06, 1.0768942502181744e-06, 0.001515417592599988]"
380,"[1.0, 2.781308467092458e-06, 5.355413463803416e-07, 3.567210296751e-05]"
381,"[0.9999929666519165, 5.79395191380172e-06, 3.2073077704808384e-07, 0.9976154565811157]"
382,"[0.0062305619940161705, 3.050910635238324e-08, 4.294236532587092e-06, 0.9999977350234985]"
383,"[0.9748274087905884, 8.006845746422186e-06, 2.0648994336625037e-07, 0.999985933303833]"
384,"[0.5699086785316467, 2.070969458145555e-07, 1.0817468876211933e-07, 0.9999963045120239]"
385,"[0.9999992847442627, 1.7428454157197848e-05, 7.564199222542811e-07, 4.411790723679587e-05]"
386,"[0.9997938275337219, 2.4447748728562146e-05, 1.0812368600454647e-06, 0.9999227523803711]"
387,"[0.9999164342880249, 7.476943437723094e-07, 3.369951206977362e-09, 0.7099124193191528]"
388,"[1.8305951016373e-05, 4.556108024189598e-07, 0.31438198685646057, 0.9953523874282837]"
389,"[4.945296723235515e-07, 2.43049089476699e-06, 1.0, 1.6712291426301817e-06]"
390,"[1.0135726569160397e-07, 0.9970025420188904, 0.003648582613095641, 0.018494730815291405]"
391,"[1.0, 4.253297083778307e-05, 1.9688411612150958e-06, 1.847741259553004e-06]"
392,"[0.9999973773956299, 2.392056046573998e-07, 9.838759979174938e-06, 2.8672220651060343e-06]"
393,"[1.0, 1.7363404367642943e-06, 5.281403332446644e-07, 5.406506261351751e-06]"
394,"[1.8338538154694106e-07, 2.2000651824782835e-06, 1.0, 5.604065336228814e-07]"
395,"[0.00016866771329659969, 6.319402245935635e-07, 0.9999994039535522, 6.373660198732978e-06]"
396,"[0.9999997615814209, 3.4295317163923755e-07, 1.5371980452982825e-06, 4.0032413380686194e-05]"
397,"[0.9995679259300232, 0.0004766648926306516, 2.9412292406050256e-06, 0.9870851635932922]"
398,"[3.2195277981372783e-06, 1.1945918458877713e-06, 6.6534444158605766e-06, 1.0]"
399,"[3.9177197663775587e-07, 6.565763897015131e-07, 1.0, 2.713945605137269e-06]"
400,"[6.147135991341202e-07, 1.5943460311973467e-05, 1.0, 2.8265922082937323e-06]"
401,"[0.6362249255180359, 2.3468972187856707e-07, 0.9450075626373291, 8.191899723897222e-06]"
402,"[0.9999997615814209, 4.990118213754613e-06, 4.262647053110413e-06, 4.878601430391427e-06]"
403,"[9.82107849267777e-07, 2.3494560082326643e-05, 0.9999998807907104, 8.089284619927639e-07]"
404,"[2.910006173806323e-07, 2.706555960685364e-06, 1.0, 1.3992266758577898e-06]"
405,"[2.2834312858321937e-06, 1.469697235734202e-05, 1.0, 4.235471351421438e-07]"
406,"[0.9999998807907104, 9.261425475415308e-07, 1.0980586466757813e-06, 6.2511103351425845e-06]"
407,"[0.9999998807907104, 2.747133578395733e-07, 5.309512403073313e-07, 0.00023744412465021014]"
408,"[0.38018468022346497, 1.6149076031979348e-07, 0.999603807926178, 4.692081461143971e-07]"
409,"[1.0, 2.3094023617886705e-06, 1.962870101124281e-06, 2.0885212506982498e-05]"
410,"[5.999287623126293e-06, 1.4120259947958402e-05, 0.9999996423721313, 2.914382548624417e-06]"
411,"[0.0011978904949501157, 4.2042847780976444e-06, 0.9999984502792358, 3.1645424769521924e-06]"
412,"[1.2641691682802048e-05, 4.925791472487617e-06, 0.9999998807907104, 8.945860940912098e-07]"
413,"[0.014735514298081398, 0.9999921321868896, 2.479718652637075e-09, 0.0005487895687110722]"
414,"[0.00011930538312299177, 1.6498585182489478e-06, 1.842792880779598e-05, 0.9999991655349731]"
415,"[7.4724844125739764e-06, 0.9992863535881042, 0.00014700304018333554, 0.001362111303023994]"
416,"[2.203394160460448e-07, 1.1953222838201327e-06, 0.9999998807907104, 1.2311751561355777e-05]"
417,"[2.878587292798329e-05, 6.191567081259564e-05, 0.9999932050704956, 1.5045712643768638e-05]"
418,"[0.0010117312194779515, 1.3467893467122849e-08, 0.0007568899891339242, 0.9990630745887756]"
419,"[7.147468750190455e-07, 5.568711571868334e-07, 1.4930320503481198e-05, 0.9999998807907104]"
420,"[1.0, 5.939173661317909e-06, 1.049978436640231e-06, 6.032436886016512e-06]"
421,"[0.9999910593032837, 1.6630743857604102e-06, 4.534680920187384e-05, 0.003439009189605713]"
422,"[0.9999998807907104, 0.25530099868774414, 2.8133581508882344e-06, 8.50508440635167e-05]"
423,"[0.9999998807907104, 2.774386075543589e-06, 1.774129123077728e-05, 6.615167512791231e-05]"
424,"[0.9999816417694092, 0.0003325763682369143, 0.00041692572995088995, 5.288868578645634e-07]"
425,"[1.881825255622971e-07, 4.70803888674709e-06, 0.9999997615814209, 2.991036126331892e-06]"
426,"[3.360864297974331e-07, 2.734790541580878e-06, 1.0, 1.1808770068455487e-06]"
427,"[1.1680999989494012e-07, 1.019697720039403e-06, 1.0, 4.14510395785328e-06]"
428,"[0.9412234425544739, 0.987975537776947, 1.5131705666249218e-08, 1.9311512005515397e-05]"
429,"[0.9990990161895752, 0.9999818801879883, 1.5571271205772064e-06, 0.0009784889407455921]"
430,"[0.9999994039535522, 9.962219337467104e-06, 2.775741165805812e-07, 0.12789228558540344]"
431,"[2.2726383122062543e-06, 8.866220014169812e-06, 1.4919849888883618e-07, 1.0]"
432,"[1.0, 0.0004695320676546544, 7.902665970505041e-07, 0.0002257430605823174]"
433,"[3.2022571758716367e-06, 0.9999994039535522, 5.421794867288554e-06, 4.071281637152424e-06]"
434,"[7.03949699527584e-05, 0.9999996423721313, 2.9566349439846817e-06, 6.537323429256503e-07]"
435,"[0.9999998807907104, 0.0067389956675469875, 7.480958856831421e-07, 2.3520042304880917e-06]"
436,"[0.04224790632724762, 0.9999971389770508, 1.5435803746299825e-08, 0.00046962741180323064]"
437,"[8.344617867805937e-07, 0.9999986886978149, 4.287950559955789e-06, 1.8726462940321653e-06]"
438,"[2.8091009880881757e-05, 0.9999992847442627, 6.334505542326951e-08, 1.5376937881228514e-05]"
439,"[2.1320703069704905e-07, 0.9999983310699463, 2.005277337957523e-06, 8.594412975071464e-06]"
440,"[0.9987922310829163, 0.00010426978406030685, 4.970910083557101e-08, 0.3133375644683838]"
441,"[0.0006364546716213226, 0.00041392468847334385, 0.9400486946105957, 0.004445516970008612]"
442,"[2.2693778589655267e-07, 3.1784707061888184e-06, 1.0, 1.0132880561286584e-06]"
443,"[1.101180487239617e-06, 4.1546311990714457e-07, 9.88416559266625e-06, 0.9999998807907104]"
444,"[2.208052592322929e-06, 3.8369607864296995e-06, 4.421684934641235e-06, 1.0]"
445,"[2.516638232918922e-05, 1.8342873318033526e-06, 1.96880750991113e-06, 1.0]"
446,"[0.9995098114013672, 0.0010185383725911379, 5.9080855862703174e-05, 0.00014090714103076607]"
447,"[4.725883684386645e-08, 0.9999984502792358, 2.9041755169600947e-06, 5.700862857338507e-06]"
448,"[1.0, 0.00030760050867684186, 9.57899430886755e-08, 1.8285136320628226e-05]"
449,"[0.000208062949241139, 2.0027957361890003e-05, 0.9999998807907104, 3.4447091366018867e-06]"
450,"[0.9999998807907104, 0.0007546267588622868, 4.791684204974445e-07, 9.861606486083474e-06]"
451,"[1.100833344480634e-07, 3.8268822777354217e-07, 8.229703962570056e-05, 0.9999998807907104]"
452,"[1.4093582649365999e-05, 2.1961984941754054e-07, 2.22992202907335e-05, 0.9999994039535522]"
453,"[0.9994692206382751, 0.9637336134910583, 4.1297641928395024e-07, 2.274414100611466e-06]"
454,"[1.5291635691028205e-07, 0.9999991655349731, 3.5048262816417264e-06, 8.972706950771681e-07]"
455,"[4.792428498490153e-08, 0.9999985694885254, 5.050717959420581e-07, 1.4196140909916721e-05]"
456,"[0.08185052126646042, 6.041003643986187e-07, 2.137518094968982e-05, 0.9999949932098389]"
457,"[1.8335163076699246e-07, 1.59919096631711e-07, 0.0003566803061403334, 0.9999991655349731]"
458,"[7.87369572208263e-07, 1.7532496485728188e-06, 8.13595215731766e-06, 0.9999998807907104]"
459,"[5.383408279158175e-07, 1.5628116898369626e-06, 5.809727099403972e-06, 1.0]"
460,"[3.1619663332094206e-06, 2.809987904583977e-07, 5.141367182659451e-06, 1.0]"
461,"[1.1818335678981384e-06, 1.866452663534801e-07, 9.654943823989015e-06, 1.0]"
462,"[9.504855142949964e-07, 1.82567805495637e-06, 8.925460861064494e-06, 0.9999998807907104]"
463,"[1.4352126243011298e-07, 0.9982365369796753, 4.617805188900093e-06, 0.584715723991394]"
464,"[1.8198652469436638e-06, 3.466927864792524e-07, 0.0007403330528177321, 0.9999990463256836]"
465,"[9.91194383459515e-07, 6.831098744441988e-07, 5.375238288252149e-06, 1.0]"
466,"[2.547533085817122e-06, 3.577420329747838e-06, 4.161761353316251e-07, 1.0]"
467,"[2.329884864593623e-06, 3.3328910831187386e-07, 3.69710469385609e-05, 0.9999998807907104]"
468,"[5.888971941203636e-07, 5.292950504554028e-07, 5.242760835244553e-06, 1.0]"
469,"[0.13112303614616394, 7.393434753311112e-09, 0.0001642365095904097, 0.9909275770187378]"
470,"[0.00014249664673116058, 5.989706096443115e-06, 2.9627832986989233e-07, 1.0]"
471,"[1.2767090140641812e-07, 2.955409286187205e-07, 4.507012272370048e-05, 0.9999998807907104]"
472,"[3.117656888207421e-05, 1.9800806967396056e-06, 3.116682876225241e-07, 1.0]"
473,"[5.953322670393391e-07, 0.9999997615814209, 7.016052450126153e-07, 2.102667167491745e-06]"
474,"[0.9833884239196777, 1.1294378055026755e-06, 2.9988825644977624e-07, 0.9981030225753784]"
475,"[0.9999997615814209, 0.9887195229530334, 5.66266226087464e-06, 0.07808616757392883]"
476,"[4.969029419044091e-07, 4.563061111184652e-07, 1.0400996870885137e-05, 1.0]"
477,"[0.0003824820159934461, 0.999998927116394, 2.1602389210784168e-07, 1.3092450217300211e-06]"
478,"[0.999998927116394, 0.0012872846564278007, 2.018859817098928e-07, 4.976688501301396e-07]"
479,"[1.6161309304152383e-06, 0.999998927116394, 3.242957973270677e-07, 7.533099415013567e-05]"
480,"[5.948681791778654e-05, 0.9999977350234985, 6.582711620239934e-08, 2.9152835850254633e-05]"
481,"[4.3110741643204165e-08, 0.999996542930603, 5.1132479711668566e-05, 6.484382879534678e-07]"
482,"[4.163582900673646e-08, 0.9999978542327881, 1.970616176549811e-05, 6.073161671338312e-07]"
483,"[3.014444018845097e-07, 0.9999990463256836, 5.484062967298087e-06, 6.467029720624851e-07]"
484,"[9.995420491293316e-09, 0.999971866607666, 0.000395385199226439, 3.2050971299213415e-07]"
485,"[4.045517698614276e-07, 0.9999988079071045, 9.965443581450018e-08, 8.543118019588292e-05]"
486,"[0.9999984502792358, 0.9574666023254395, 3.0807629514129076e-07, 0.0003065766941290349]"
487,"[5.7995574024971575e-05, 0.9999948740005493, 7.258264304255135e-06, 3.717477170539496e-08]"
488,"[2.853511659850483e-06, 0.999998927116394, 2.6957470709021436e-06, 6.117392103988095e-07]"
489,"[0.010473137721419334, 0.99997878074646, 8.527357522325474e-07, 2.7807275273517007e-06]"
490,"[0.9999998807907104, 0.9394689798355103, 9.403764806847903e-07, 0.012161008082330227]"
491,"[1.5555821164525696e-06, 0.9999960660934448, 1.4149687558528967e-05, 1.0165730373046244e-06]"
492,"[1.681723631463683e-07, 0.9999992847442627, 1.8971867348227534e-06, 1.7887365402202704e-06]"
493,"[8.55210714689747e-07, 0.9999995231628418, 3.063188103169523e-07, 5.933936790825101e-06]"
494,"[0.989960789680481, 0.9725897312164307, 5.65063995594528e-09, 0.0002298632316524163]"
495,"[0.030429506674408913, 0.9999369382858276, 6.403736847460095e-07, 5.5323404524187936e-08]"
496,"[0.5273305177688599, 0.9983198046684265, 1.1896972864633426e-06, 6.436923172259412e-08]"
497,"[5.436600645225553e-07, 0.9999995231628418, 4.1947870954572863e-07, 5.406207492342219e-06]"
498,"[0.00011277414887445047, 0.9999196529388428, 7.232824282255024e-05, 8.850963695294922e-08]"
499,"[4.810621589967923e-07, 0.9999990463256836, 5.734780188504374e-06, 3.9031533560773823e-07]"
500,"[0.02618851698935032, 0.9999995231628418, 6.541002335325174e-07, 3.542557124092127e-06]"
501,"[0.9999994039535522, 0.025271693244576454, 2.3615438493607144e-08, 5.82840402785223e-05]"
502,"[1.0, 1.5128351833482157e-06, 8.101551429717802e-06, 2.9410295610432513e-05]"
503,"[1.0, 1.103032445826102e-06, 7.300919833141961e-07, 6.847502845630515e-06]"
504,"[0.99998939037323, 8.740942547547093e-08, 0.00214383564889431, 3.296802333352389e-07]"
505,"[0.0005553275113925338, 1.0767537787614856e-05, 1.9292313879759604e-07, 0.9999997615814209]"
506,"[0.0022040524054318666, 4.3341847799638344e-07, 0.00021112446847837418, 0.999901533126831]"
507,"[0.0002116910764016211, 1.3756124644714873e-05, 0.999997615814209, 3.461603000687319e-06]"
508,"[1.3799264309000137e-07, 1.3737266044699936e-06, 1.0, 9.680959465185879e-07]"
509,"[3.491854272397177e-07, 1.8464519598637708e-05, 0.9999997615814209, 8.29656244150101e-07]"
510,"[1.6040526418237278e-07, 9.87429871202039e-07, 1.0, 1.4613649454986444e-06]"
511,"[5.067686856818909e-07, 9.11054826246982e-07, 3.219123027520254e-05, 0.9999997615814209]"
512,"[8.933516824072285e-07, 1.1504400276862725e-07, 4.58131489722291e-06, 1.0]"
513,"[0.7211878895759583, 2.4579699697824253e-07, 1.65327492140932e-07, 0.9997699856758118]"
514,"[0.9999957084655762, 0.00041137347579933703, 1.3827899238094687e-05, 0.9999967813491821]"
515,"[8.914647686708577e-09, 3.722710175679822e-07, 0.9889732003211975, 0.6667393445968628]"
516,"[1.985688413697062e-07, 1.238263848790666e-06, 0.0003322635602671653, 0.9999972581863403]"
517,"[8.595491181040416e-07, 3.009997158187616e-07, 5.737342144129798e-05, 0.9999997615814209]"
518,"[1.4197211385180708e-05, 5.0389489842928015e-06, 5.1217671170888934e-06, 1.0]"
519,"[5.57930143259e-05, 1.211302560477634e-07, 4.792159415956121e-06, 0.9999996423721313]"
520,"[3.294027237643604e-07, 1.8885092458731378e-06, 5.491986939887283e-06, 1.0]"
521,"[0.00019771575171034783, 1.7056616343325004e-05, 1.7819867935031652e-05, 0.9999978542327881]"
522,"[8.404107916248904e-07, 7.696812076574133e-07, 6.594123533432139e-06, 0.9999998807907104]"
523,"[0.9886455535888672, 0.9965248703956604, 3.534817665240553e-07, 1.6063995644799434e-07]"
524,"[8.71605152497068e-07, 0.9999980926513672, 6.690400368825067e-06, 7.948840448079864e-07]"
525,"[1.3183696978558146e-07, 0.9999996423721313, 3.11897821347884e-07, 1.9944875020883046e-05]"
526,"[0.10496566444635391, 0.9999955892562866, 3.0374954462786263e-07, 9.596313077508967e-08]"
527,"[1.4407818525796756e-05, 0.9999979734420776, 5.215169949224219e-06, 6.641957043029834e-06]"
528,"[3.0983176202425966e-07, 8.40127938772639e-07, 2.1454379748320207e-05, 0.9999998807907104]"
529,"[0.00012987939408048987, 0.9999986886978149, 9.240840881830081e-06, 1.6866040823515505e-05]"
530,"[0.3780868351459503, 0.9999991655349731, 6.195703008415876e-07, 5.202291504247114e-05]"
531,"[0.9999991655349731, 0.027547821402549744, 8.3123332217383e-08, 7.6018359322915785e-06]"
532,"[0.861811637878418, 3.6107946925767465e-06, 5.99851034621679e-07, 0.999663233757019]"
533,"[1.0, 3.800129491082771e-07, 1.3789085642201826e-06, 1.2448384950403124e-05]"
534,"[0.9999998807907104, 1.3302096135703323e-07, 4.2378974285384174e-06, 1.6554866306250915e-05]"
535,"[0.9999996423721313, 1.9780920013090508e-07, 1.2274763321329374e-06, 0.0006360990810208023]"
536,"[9.592634341970552e-06, 0.9999992847442627, 2.4463179215672426e-06, 7.673579034417344e-07]"
537,"[1.3082691111776512e-05, 0.0001555896014906466, 0.9999996423721313, 5.6169242270698305e-06]"
538,"[1.8378683819264552e-07, 5.0908420234918594e-05, 0.9999996423721313, 3.931267656298587e-06]"
539,"[7.166293585214589e-07, 1.6398615798607352e-06, 3.2474658837600145e-06, 1.0]"
540,"[0.5863090753555298, 1.8657049167813966e-06, 3.3592741033317e-08, 0.9999778270721436]"
541,"[1.0, 7.335634290939197e-05, 5.329785039975832e-07, 2.3757042072247714e-05]"
542,"[1.0, 6.898695119161857e-06, 1.8272543229613802e-06, 9.666901860327926e-06]"
543,"[1.749438183651364e-06, 3.3063014370782184e-07, 1.346503722743364e-05, 0.9999997615814209]"
544,"[4.7251441515072656e-07, 7.089478913258063e-06, 4.101941613043891e-06, 0.9999998807907104]"
545,"[0.0001483879896113649, 0.9999983310699463, 1.875405814644182e-06, 7.730137440375984e-06]"
546,"[1.935508322503665e-07, 0.9999995231628418, 1.5116496570044546e-06, 4.8523570512770675e-06]"
547,"[2.718128655487817e-07, 0.9999986886978149, 7.170618573582033e-06, 1.7423983535991283e-06]"
548,"[0.00012987939408048987, 0.9999986886978149, 9.240840881830081e-06, 1.6866040823515505e-05]"
549,"[7.167304829636123e-07, 0.9999990463256836, 3.198484819222358e-06, 3.1607150958734564e-06]"
550,"[0.5568429231643677, 0.9996883869171143, 1.4438932272042848e-09, 3.2556577934883535e-05]"
551,"[2.2904582692717668e-06, 0.9999992847442627, 3.936824214179069e-06, 7.044883432172355e-07]"
552,"[9.93509701174844e-08, 0.9999988079071045, 4.114419880352216e-06, 4.736776190839009e-06]"
553,"[1.0, 9.847321052802727e-06, 2.4617634153401013e-07, 9.284477528126445e-06]"
554,"[1.7580296116648242e-05, 0.9999994039535522, 2.1199023194640176e-06, 1.4571674000762869e-05]"
555,"[0.1937626600265503, 0.9999945163726807, 1.1548545586492764e-07, 8.86340387751261e-07]"
556,"[0.9999998807907104, 2.2604583136853762e-05, 2.693783471841016e-07, 1.2857725778303575e-05]"
557,"[0.00024126822245307267, 0.9999994039535522, 8.169534453372762e-07, 4.7464715180467465e-07]"
558,"[0.00015297635400202125, 0.9999991655349731, 1.150034677266376e-06, 2.0963118458894314e-06]"
559,"[1.0, 1.8823186564986827e-06, 2.4708147066121455e-06, 3.975063464167761e-06]"
560,"[1.0, 2.3592361685587093e-05, 4.968256348547584e-07, 1.0223870049230754e-05]"
561,"[0.9209415316581726, 4.797879782358905e-08, 0.7908536195755005, 0.0012553618289530277]"
562,"[5.825459084007889e-05, 2.639239937707316e-05, 0.9999979734420776, 6.590414159290958e-06]"
563,"[1.1635265764198266e-06, 4.871343861623245e-08, 0.9999960660934448, 0.004342410713434219]"
564,"[0.0015279344515874982, 2.8648088346017175e-07, 0.9999996423721313, 1.1188665638428574e-07]"
565,"[0.000208062949241139, 2.0027957361890003e-05, 0.9999998807907104, 3.4447091366018867e-06]"
566,"[1.0, 1.9346978660905734e-05, 5.0085022849089e-06, 7.159419055824401e-06]"
567,"[5.414468432718422e-06, 1.8243379145133076e-06, 0.9999998807907104, 1.558642543386668e-05]"
568,"[3.785780222642643e-07, 2.873781113521545e-06, 1.0, 1.5961222743499093e-06]"
569,"[7.776592383379466e-07, 1.5329234201999498e-06, 1.0, 9.81182893156074e-07]"
570,"[2.9058128347969614e-06, 1.706850525806658e-06, 1.0, 1.6938520275289193e-07]"
571,"[1.8625034670094465e-07, 2.1128926164237782e-06, 1.0, 1.4867724758005352e-06]"
572,"[1.2528661272881436e-06, 3.968696091760648e-06, 1.0, 2.111337607857422e-06]"
573,"[0.0014642097521573305, 1.8371109717918443e-06, 0.9999984502792358, 2.418524616132345e-07]"
574,"[3.2625601420477324e-07, 1.7442005173506914e-06, 1.0, 1.7716625961838872e-06]"
575,"[0.9999276399612427, 2.75495722235064e-07, 0.03177430108189583, 7.976651517083155e-08]"
576,"[0.0009796011727303267, 1.4848751561657991e-06, 0.9999914169311523, 2.0512625553692487e-07]"
577,"[2.969487411519367e-07, 3.6182473195367493e-06, 1.0, 1.8654808400242473e-06]"
578,"[1.242505732079735e-06, 2.9508519219234586e-06, 1.0, 1.64311768457992e-06]"
579,"[2.8690413955700933e-07, 1.937742354130023e-06, 1.0, 1.0654305242496775e-06]"
580,"[2.2742135286080156e-07, 1.7538999372845865e-06, 1.0, 1.6464948657812783e-06]"
581,"[3.724191401488497e-06, 4.1143874113913625e-05, 0.999998927116394, 3.0477105610771105e-05]"
582,"[8.63655014171627e-09, 0.8854185938835144, 0.6917880773544312, 2.654573449945019e-07]"
583,"[6.662224905085168e-08, 2.9695120247197337e-06, 1.0, 6.525034450532985e-07]"
584,"[0.008909964002668858, 0.00013635892537422478, 0.9999353885650635, 9.39780662179146e-08]"
585,"[0.9999998807907104, 2.173960069740133e-07, 2.105253543049912e-06, 6.019253760314314e-06]"
586,"[9.534715559311735e-07, 6.899345862620976e-06, 1.0, 9.986797522287816e-07]"
587,"[0.12050896883010864, 6.653013315371936e-06, 0.9046831727027893, 0.012616504915058613]"
588,"[0.0002688186359591782, 3.746834408957511e-06, 0.9999994039535522, 2.9276620807650033e-06]"
589,"[2.8345939995233493e-07, 2.3180389234767063e-06, 1.0, 2.3002562556939665e-06]"
590,"[3.1635664754503523e-07, 4.2187198232568335e-06, 1.0, 3.455335502167145e-07]"
591,"[0.01536039263010025, 6.884333743073512e-07, 0.9999606609344482, 1.7277611163990514e-07]"
592,"[1.0, 2.173973189201206e-05, 3.3753349271137267e-07, 0.0005013792542740703]"
593,"[0.9999998807907104, 2.831640699696436e-07, 3.021722250196035e-06, 2.044707434833981e-05]"
594,"[0.9999998807907104, 1.707767296466045e-07, 5.3930352805764414e-06, 1.0252136235067155e-05]"
595,"[2.766608668025583e-05, 0.9999986886978149, 1.0755418600183475e-07, 2.6835992684937082e-05]"
596,"[3.970544639742002e-07, 8.392606787310797e-07, 1.0, 2.0443599169084337e-06]"
597,"[1.0, 3.293618647148833e-05, 1.0187261523242341e-07, 4.49833351012785e-06]"
598,"[1.0, 7.335634290939197e-05, 5.329785039975832e-07, 2.3757042072247714e-05]"
599,"[0.9999960660934448, 0.036682870239019394, 3.195519821019843e-05, 0.025294853374361992]"
600,"[2.6782961981552944e-07, 5.108211098558968e-06, 1.0, 4.6318834279190924e-07]"
601,"[4.387015906104352e-06, 1.6673968275426887e-05, 1.0, 1.171197027360904e-06]"
602,"[1.2169094816272263e-06, 0.11531539261341095, 0.9996403455734253, 7.725748929487963e-09]"
603,"[0.02617979235947132, 0.5453346967697144, 1.2062610039720312e-05, 0.04886471480131149]"
604,"[1.1210561012831022e-07, 0.9999798536300659, 4.944726583744341e-07, 0.018863923847675323]"
605,"[2.615916514514538e-07, 2.6296386295143748e-06, 1.0, 2.6686000182962744e-06]"
606,"[2.7202891033084597e-06, 7.505910161853535e-06, 1.0, 1.5503956092288718e-06]"
607,"[1.9096923153938405e-07, 3.19713399221655e-06, 1.0, 4.698981967976579e-07]"
608,"[2.248725650133565e-07, 1.5256225651683053e-06, 1.0, 1.456348172723665e-06]"
609,"[3.263689904997591e-07, 4.04039246859611e-06, 0.9999998807907104, 4.1860967030515894e-06]"
610,"[2.5711520379445574e-07, 3.906310666934587e-06, 1.0, 1.0450575018694508e-06]"
611,"[7.661396352887095e-07, 6.48447257844964e-06, 1.0, 2.3106970559183537e-07]"
612,"[3.304498648049048e-07, 1.559701331643737e-06, 1.0, 2.0808317913179053e-06]"
613,"[1.5592743807246734e-07, 2.653983756317757e-06, 1.0, 1.1068417506976402e-06]"
614,"[6.782503305657883e-07, 0.9999992847442627, 4.522934432316106e-06, 3.6351325434225146e-06]"
