index,logits
326,"[0.999958872795105, 9.965359640773386e-05, 0.0585036501288414, 2.0767853129655123e-05]"
267,"[7.97963366494514e-05, 0.0483422689139843, 0.999985933303833, 7.310347427846864e-05]"
79,"[0.0002833566104527563, 0.999937891960144, 7.585758430650458e-05, 9.165248775389045e-05]"
435,"[0.0001828105450840667, 0.00016670236072968692, 0.0005573730450123549, 0.9999027252197266]"
417,"[0.00025181047385558486, 0.9999698400497437, 0.0002693686983548105, 7.590331370010972e-05]"
456,"[0.00023126376618165523, 0.9999312162399292, 7.687615288887173e-05, 0.0001027075486490503]"
497,"[0.0004609203606378287, 0.9999697208404541, 0.0001228538021678105, 0.00011178592831129208]"
187,"[0.00018772418843582273, 0.00023648641945328563, 0.0005565422470681369, 0.999936580657959]"
336,"[0.00017378242046106607, 0.0001429577387170866, 0.0006276715430431068, 0.9998798370361328]"
113,"[0.9999344348907471, 0.00013680694974027574, 0.00011690139945130795, 0.00010939659841824323]"
13,"[0.00017446046695113182, 0.0001394815626554191, 0.0006981658516451716, 0.9998887777328491]"
373,"[0.00014181077131070197, 0.0031914799474179745, 0.9999847412109375, 8.78636201377958e-05]"
124,"[0.9999415874481201, 0.00014204802573658526, 0.00012977072037756443, 0.00010729839414125308]"
588,"[0.00019611514289863408, 0.0005310017731972039, 0.9999679327011108, 0.00013872353883925825]"
468,"[0.0001828187523642555, 0.00013780908193439245, 0.0006291805766522884, 0.9998843669891357]"
353,"[0.9996436834335327, 8.197637362172827e-05, 4.684572195401415e-05, 0.9977516531944275]"
530,"[0.0002376196498516947, 0.9999281167984009, 7.372106483671814e-05, 9.88298052106984e-05]"
58,"[0.0010080246720463037, 0.9999854564666748, 0.5076881647109985, 1.1347970030328725e-05]"
293,"[0.9999450445175171, 0.000138781892019324, 0.00015588794485665858, 9.92290661088191e-05]"
182,"[0.00013501774810720235, 0.999954342842102, 3.4339613193878904e-05, 0.007428059354424477]"
379,"[0.00037109345430508256, 0.00010545621626079082, 0.0008447167929261923, 0.9999436140060425]"
579,"[0.0001918920170282945, 0.0005736292223446071, 0.9999691247940063, 0.00013559537183027714]"
156,"[0.002870701253414154, 0.9999760389328003, 5.292734203976579e-05, 5.200138912186958e-05]"
286,"[0.9999428987503052, 0.00016131521260831505, 0.00012817271635867655, 9.664029494160786e-05]"
416,"[0.00017531393677927554, 0.9999797344207764, 0.02098854072391987, 2.7092621166957542e-05]"
198,"[0.0003279407974332571, 0.9999516010284424, 9.664729441283271e-05, 8.006951975403354e-05]"
125,"[0.9999464750289917, 0.00012736968346871436, 0.00012162931670900434, 0.00014237224240787327]"
467,"[0.00016099712229333818, 0.0001624774740776047, 0.0006272493628785014, 0.9998918771743774]"
420,"[0.0006764879217371345, 0.0008116056560538709, 0.999988317489624, 9.217415936291218e-05]"
133,"[0.3112071454524994, 0.9999886751174927, 0.00039155941340141, 1.6471843991894275e-05]"
214,"[0.9999728202819824, 0.0012373568024486303, 7.157023355830461e-05, 6.499543087556958e-05]"
430,"[0.00017524356371723115, 0.0001329261576756835, 0.0008883198024705052, 0.9999037981033325]"
521,"[0.000342794373864308, 0.9999549388885498, 0.00010779331933008507, 7.752131932647899e-05]"
338,"[0.0002543076407164335, 0.0001209676920552738, 0.0005540272104553878, 0.9998999834060669]"
16,"[0.00017961255798581988, 0.00015881813305895776, 0.0005521457060240209, 0.999893307685852]"
137,"[0.999942421913147, 0.00015659633208997548, 0.00012769122258760035, 9.978585876524448e-05]"
475,"[0.0002328039990970865, 0.00014317983004730195, 0.000532607373315841, 0.9999098777770996]"
563,"[0.0001995450584217906, 0.0005743976216763258, 0.9999712705612183, 0.00013842016051057726]"
200,"[0.0005819377256557345, 0.9999626874923706, 9.504495392320678e-05, 6.306420254986733e-05]"
330,"[0.9999417066574097, 3.867615305352956e-05, 4.1672017687233165e-05, 0.09963592886924744]"
279,"[0.9999550580978394, 0.00018280374933965504, 0.00013086946273688227, 0.0001072976810974069]"
391,"[0.000680414610542357, 0.00042404839769005775, 0.9999856948852539, 0.00010539479262661189]"
81,"[0.0002819485671352595, 0.999944806098938, 9.13254261831753e-05, 8.634231926407665e-05]"
314,"[0.0010467048268765211, 0.0004996659699827433, 0.9999887943267822, 7.84264484536834e-05]"
556,"[0.9999514818191528, 0.00016977523046080023, 0.0001364566123811528, 0.00010251419735141098]"
77,"[0.019867120310664177, 0.9999847412109375, 3.837258191197179e-05, 4.8944944865070283e-05]"
290,"[0.9999425411224365, 0.00014665779599454254, 0.00011850446026073769, 0.00011408517457311973]"
145,"[0.9999446868896484, 0.00014676075079478323, 0.00011508406169014052, 0.0001231519563589245]"
189,"[0.0001842595374910161, 0.00014747252862434834, 0.0006599183543585241, 0.9999014139175415]"
298,"[0.0004576850915327668, 0.9999493360519409, 6.389308691723272e-05, 8.145351603161544e-05]"
91,"[0.0002761260257102549, 0.9999377727508545, 7.830060349078849e-05, 9.105002391152084e-05]"
573,"[0.00019798004359472543, 0.000680020428262651, 0.9999747276306152, 0.00013262458378449082]"
364,"[0.0001872692082542926, 0.0005706607480533421, 0.9999693632125854, 0.0001413014979334548]"
107,"[0.9999462366104126, 9.870134817901999e-05, 0.00010866185766644776, 0.00022029737010598183]"
25,"[0.000148215054650791, 0.01106491032987833, 0.00027214112924411893, 0.9998835325241089]"
366,"[0.00021491519873961806, 0.00045123277232050896, 0.9999685287475586, 0.000151046973769553]"
112,"[0.9999446868896484, 0.00018406938761472702, 0.00011685246136039495, 9.700914961285889e-05]"
581,"[0.0001933058665599674, 0.0005331574357114732, 0.9999668598175049, 0.0001363703777315095]"
503,"[0.0018316216301172972, 0.999977707862854, 2.7315369152347557e-05, 0.0001994233316509053]"
552,"[0.0002119417185895145, 0.0005536022945307195, 0.9999711513519287, 0.00013427961675915867]"
525,"[0.00021204096265137196, 0.9999772310256958, 0.0013584145344793797, 4.4751646782970056e-05]"
571,"[0.000550461292732507, 0.999967098236084, 4.537220229394734e-05, 0.0002622188185341656]"
396,"[0.9999412298202515, 0.00013784364273305982, 0.00013489331468008459, 0.0001069057107088156]"
254,"[0.9999587535858154, 0.0002223637857241556, 0.0001417033199686557, 9.103830234380439e-05]"
8,"[0.0001939834764925763, 0.0005975044914521277, 0.9999721050262451, 0.00014215776172932237]"
481,"[0.00017212997772730887, 0.00013787375064566731, 0.0006514280685223639, 0.9998769760131836]"
141,"[0.9999374151229858, 0.00013722451694775373, 0.00013925551320426166, 9.754493657965213e-05]"
397,"[0.9999468326568604, 0.00013300540740601718, 9.744286944624037e-05, 0.00017150056373793632]"
294,"[0.6218889355659485, 7.74317086325027e-05, 0.9998152852058411, 1.3560435036197305e-05]"
209,"[0.0007112567545846105, 0.9999569654464722, 6.0956568631809205e-05, 6.780237890779972e-05]"
269,"[0.0002719800395425409, 0.9999326467514038, 6.87379579176195e-05, 9.87285457085818e-05]"
539,"[0.00025526375975459814, 0.9999420642852783, 9.764404967427254e-05, 8.59700667206198e-05]"
108,"[0.9999459981918335, 0.00014357960026245564, 0.000145770245580934, 0.00010355605627410114]"
559,"[0.00019476038869470358, 0.0005472601624205709, 0.9999686479568481, 0.0001380857138428837]"
320,"[0.99997878074646, 0.00164023379329592, 6.481328455265611e-05, 7.436997111653909e-05]"
17,"[0.0004131953464820981, 0.9999793767929077, 2.3680428057559766e-05, 0.009797092527151108]"
401,"[0.9999545812606812, 0.00010970392031595111, 9.030087676364928e-05, 0.0003072159888688475]"
403,"[0.9999442100524902, 0.00015344354324042797, 0.00013018293248023838, 0.00010265330638503656]"
151,"[0.9999443292617798, 0.0001616428780835122, 0.00013947451952844858, 9.145125659415498e-05]"
27,"[0.0005438396474346519, 0.999962329864502, 7.011358684394509e-05, 9.011327347252518e-05]"
55,"[0.0001892067230073735, 0.00014441387611441314, 0.0005775919416919351, 0.9998897314071655]"
160,"[0.9996582269668579, 0.9989012479782104, 0.0005578816635534167, 2.638150726852473e-05]"
413,"[0.002237003529444337, 0.9999771118164062, 5.8255649491911754e-05, 5.881670585949905e-05]"
54,"[0.0002107085892930627, 0.9999288320541382, 5.289772161631845e-05, 0.00017211241356562823]"
18,"[0.00015510094817727804, 0.00015125250502023846, 0.0006931227399036288, 0.9998842477798462]"
429,"[0.00015705781697761267, 0.00018233217997476459, 0.0006245054537430406, 0.9999046325683594]"
477,"[0.00016168478759936988, 0.0002220349560957402, 0.0004559554799925536, 0.9998942613601685]"
368,"[0.0001660601410549134, 0.0011713738786056638, 0.9999796152114868, 0.0001198299796669744]"
165,"[0.0003419129934627563, 0.6120152473449707, 0.9999949932098389, 2.115272764058318e-05]"
498,"[0.00029929514857940376, 0.9999434947967529, 7.480448402930051e-05, 9.574367140885442e-05]"
188,"[0.00017701463366393, 0.0001409421965945512, 0.001331519684754312, 0.999903678894043]"
181,"[5.5386732128681615e-05, 0.036286212503910065, 8.443016122328117e-05, 0.9999165534973145]"
371,"[0.999972939491272, 0.00012081887689419091, 0.00015217762847896665, 0.00032201409339904785]"
567,"[0.00012570916442200541, 0.16728876531124115, 0.9999915361404419, 3.184549495927058e-05]"
253,"[0.00023193816014099866, 0.9999206066131592, 6.917583959875628e-05, 0.00010072399163618684]"
126,"[0.9999436140060425, 0.000143526223837398, 0.00012394232908263803, 0.00011583359446376562]"
501,"[0.9999452829360962, 8.108592737698928e-05, 0.00013168311852496117, 0.00024536033743061125]"
355,"[0.00015618417819496244, 0.000179169699549675, 0.0005716942832805216, 0.9998924732208252]"
506,"[0.9999767541885376, 0.0010918180923908949, 6.618493353016675e-05, 8.625402551842853e-05]"
264,"[0.00023823100491426885, 0.9999388456344604, 8.942861313698813e-05, 9.55780124058947e-05]"
175,"[0.0001645865704631433, 0.00015546800568699837, 0.0005976431421004236, 0.999882698059082]"
122,"[0.0026383057702332735, 0.9999837875366211, 0.00012956421414855868, 4.095054100616835e-05]"
59,"[0.002586428774520755, 0.9999749660491943, 5.1487411838024855e-05, 5.338909613783471e-05]"
228,"[0.9999443292617798, 0.00014902125985827297, 0.00013675307855010033, 0.00010243065480608493]"
208,"[0.9999667406082153, 0.00018821888079401106, 0.00023893573961686343, 9.080862946575508e-05]"
300,"[0.00020913795742671937, 0.0006762735429219902, 0.9999761581420898, 0.000133271241793409]"
317,"[0.9999778270721436, 0.0009022445883601904, 0.00011946271843044087, 6.420518911909312e-05]"
95,"[0.00017012721218634397, 0.00016538305499125272, 0.0005984522867947817, 0.9998987913131714]"
48,"[0.000199902307940647, 0.00013127829879522324, 0.0005604538018815219, 0.9998788833618164]"
337,"[0.999982476234436, 0.00010916982864728197, 0.0004359535814728588, 0.0003689679142553359]"
529,"[0.0007265796302817762, 0.999976634979248, 0.00021863840811420232, 4.753636312671006e-05]"
305,"[0.9999552965164185, 0.00016885115473996848, 0.000205013740924187, 8.1956124631688e-05]"
436,"[0.00019838384469039738, 0.00014253673725761473, 0.0005868009757250547, 0.999894380569458]"
356,"[0.000215546868275851, 0.0005898443050682545, 0.9999743700027466, 0.0001379717286908999]"
533,"[6.485742778750136e-05, 0.9099678993225098, 0.9999709129333496, 2.8857584766228683e-05]"
213,"[0.9999372959136963, 0.9968249797821045, 0.00010596415813779458, 0.00012558659364003688]"
434,"[0.00024368875892832875, 0.9999755620956421, 0.0001795995340216905, 0.0001634240325074643]"
132,"[0.9946613907814026, 0.9999561309814453, 0.00019327618065290153, 7.834130519768223e-05]"
590,"[0.00019841374887619168, 0.0005119050038047135, 0.9999669790267944, 0.00013849316746927798]"
149,"[0.9999383687973022, 0.00013832555850967765, 0.00013251118070911616, 0.00010349790682084858]"
502,"[0.00019187793077435344, 0.00015888841880951077, 0.0005357659538276494, 0.9998999834060669]"
282,"[0.9999896287918091, 0.020681537687778473, 5.279108518152498e-05, 6.382718856912106e-05]"
238,"[0.0004780907474923879, 0.9999603033065796, 8.57775448821485e-05, 7.64364522183314e-05]"
24,"[6.972626579226926e-05, 0.6065981984138489, 0.0001162724947789684, 0.9926968216896057]"
172,"[0.00016235544171649963, 0.0001701943838270381, 0.0005739857442677021, 0.9998915195465088]"
414,"[0.0003431432705838233, 0.9999591112136841, 0.00012823689030483365, 7.527152774855494e-05]"
465,"[0.00030235358281061053, 0.00010056822065962479, 0.0010452206479385495, 0.9999321699142456]"
278,"[0.9999464750289917, 0.00016842182958498597, 0.00013797383871860802, 9.254203177988529e-05]"
23,"[2.242106529593002e-05, 0.015028569847345352, 0.9999511241912842, 0.001072309329174459]"
555,"[0.999936580657959, 0.00013625533028971404, 0.00012307811994105577, 0.00010982586536556482]"
549,"[0.00019024872744921595, 0.00015950531815178692, 0.0005817117635160685, 0.9999057054519653]"
362,"[0.9999440908432007, 0.00014468580775428563, 0.00011855383490910754, 0.00011972992797382176]"
557,"[0.00019322754815220833, 0.0006925941561348736, 0.9999759197235107, 0.00014122498396318406]"
365,"[0.0001913438900373876, 0.0005128527409397066, 0.9999704360961914, 0.00016068272816482931]"
191,"[8.2506361650303e-05, 0.00022567505948245525, 0.0035981880500912666, 0.9998739957809448]"
490,"[2.7788612442236627e-06, 0.7497237920761108, 0.9995404481887817, 0.003551359986886382]"
558,"[0.00019325884932186455, 0.0005731130368076265, 0.9999701976776123, 0.0001393748098053038]"
448,"[0.0002919654070865363, 0.9999544620513916, 0.00010786014900077134, 8.974299271358177e-05]"
535,"[0.0002962190774269402, 0.9999680519104004, 0.0002617155259940773, 6.214452878339216e-05]"
157,"[0.0002859317173715681, 0.9999425411224365, 8.223866461776197e-05, 9.003870945889503e-05]"
252,"[0.0002449475578032434, 0.999925971031189, 7.516128971474245e-05, 9.348202002001926e-05]"
283,"[0.00043484705383889377, 0.999956488609314, 8.184139733202755e-05, 7.890060805948451e-05]"
423,"[4.024892405141145e-05, 0.9983036518096924, 5.6484685046598315e-05, 0.9865909814834595]"
117,"[0.9999452829360962, 0.00015550936223007739, 0.0001274022361030802, 0.00010590415331535041]"
455,"[0.00024952972307801247, 0.9999339580535889, 8.511364285368472e-05, 8.829382568364963e-05]"
186,"[0.00016760158177930862, 0.00016885902732610703, 0.000690752814989537, 0.999908447265625]"
292,"[0.9999462366104126, 0.00016391905955970287, 0.00012610558769665658, 0.00010258979455102235]"
307,"[0.9999734163284302, 0.00015195041487459093, 0.012918398715555668, 2.6226232876069844e-05]"
517,"[0.0002983410668093711, 0.9999717473983765, 0.0003564888902474195, 5.398853318183683e-05]"
52,"[0.00015200751658994704, 0.00023246595810633153, 0.0004746743943542242, 0.9998906850814819]"
211,"[0.9999440908432007, 0.00015063848695717752, 0.00011566648026928306, 0.00011787165567511693]"
596,"[0.00019615890050772578, 0.0005254608695395291, 0.9999669790267944, 0.00013665453298017383]"
61,"[0.9999924898147583, 0.3837807774543762, 6.472631503129378e-05, 8.167354826582596e-05]"
246,"[0.00025377527344971895, 0.9999308586120605, 6.739992386428639e-05, 0.00010462166392244399]"
450,"[0.00026744636124931276, 0.9999465942382812, 9.681083611212671e-05, 9.468473581364378e-05]"
538,"[0.00028014954295940697, 0.9999443292617798, 9.2512127594091e-05, 8.500900730723515e-05]"
333,"[0.00029088015435263515, 0.00013189385936129838, 0.0004605029243975878, 0.9999140501022339]"
80,"[0.00028262624982744455, 0.9999353885650635, 7.755925616947934e-05, 8.609140058979392e-05]"
119,"[0.9999375343322754, 0.00012456615513656288, 0.00014205939078237861, 0.00010737084812717512]"
183,"[0.00023258368310052902, 0.9999315738677979, 8.069584873737767e-05, 9.673120075603947e-05]"
115,"[0.9982585310935974, 0.00010195073264185339, 0.9866148829460144, 6.079535069147823e-06]"
101,"[0.9999336004257202, 0.00011816165351774544, 0.00012223052908666432, 0.000124295154819265]"
221,"[0.999948263168335, 0.0001572049513924867, 0.000142752323881723, 0.0001001655837171711]"
545,"[0.9999343156814575, 0.00013885521912015975, 0.00012040529691148549, 0.00010605806892272085]"
583,"[0.00015787115262355655, 0.0003624550881795585, 0.9999681711196899, 0.00029715022537857294]"
442,"[0.00024608077364973724, 0.9999313354492188, 7.558830839116126e-05, 9.717997454572469e-05]"
6,"[0.00039447780000045896, 0.0006070544477552176, 0.9999822378158569, 0.00010084297537105158]"
226,"[0.9999396800994873, 0.00014909317542333156, 0.00012982788030058146, 9.817988757276908e-05]"
367,"[0.00010204497812082991, 0.0037975606974214315, 0.00013892170682083815, 0.9999604225158691]"
399,"[0.00015681404329370707, 0.00016634445637464523, 0.0006436439580284059, 0.9998921155929565]"
568,"[0.00019100593635812402, 0.0005576823023147881, 0.999967098236084, 0.000132745539303869]"
76,"[0.0005749787669628859, 0.9999492168426514, 5.642438554787077e-05, 7.62150448281318e-05]"
98,"[0.004890312906354666, 0.00016029250400606543, 0.00010373217082815245, 0.99997878074646]"
441,"[0.0012538549490272999, 0.9999691247940063, 6.131488044047728e-05, 6.21377766947262e-05]"
62,"[0.9999419450759888, 0.00018429152260068804, 0.00011516330414451659, 9.23665938898921e-05]"
94,"[0.9999440908432007, 0.00015118428564164788, 0.00012180572230136022, 0.00011134369560750201]"
274,"[0.9999667406082153, 0.0005164962494745851, 8.783656812738627e-05, 8.198699651984498e-05]"
272,"[0.0002647964865900576, 0.9999393224716187, 8.015149069251493e-05, 9.491363016422838e-05]"
451,"[0.0002574250684119761, 0.9999366998672485, 7.772917888360098e-05, 9.673332533566281e-05]"
255,"[0.00025114271556958556, 0.0007432734710164368, 0.9999804496765137, 0.0001190999973914586]"
229,"[0.999976396560669, 0.0005024209967814386, 0.0001651643106015399, 7.622537668794394e-05]"
266,"[0.9375628232955933, 0.9999803304672241, 0.00010084008681587875, 4.652366624213755e-05]"
111,"[0.9999475479125977, 0.00016652299382258207, 0.00012043402239214629, 0.00010824549826793373]"
147,"[0.9999722242355347, 0.0007061871001496911, 5.637678623315878e-05, 0.00012513689580373466]"
329,"[0.9999493360519409, 0.00016620256064925343, 0.0001278398558497429, 0.00010604471754049882]"
291,"[0.9999375343322754, 0.00013568215945269912, 0.0001307715428993106, 0.00010501547512831166]"
41,"[0.9999411106109619, 0.0001545776758575812, 0.00011802787048509344, 0.00010602449765428901]"
116,"[0.9999421834945679, 0.00015028539928607643, 0.00012687983689829707, 0.00010402400221209973]"
419,"[0.00019396311836317182, 0.9999736547470093, 8.336309838341549e-05, 0.001869527855888009]"
207,"[7.955716137075797e-05, 0.9994502663612366, 0.9835551381111145, 2.8625048798858188e-05]"
542,"[0.00028979784110561013, 0.9999443292617798, 8.392854215344414e-05, 8.979023550637066e-05]"
415,"[0.00023593081277795136, 0.9999392032623291, 9.036255505634472e-05, 9.691779996501282e-05]"
586,"[0.00019563385285437107, 0.0005391089944168925, 0.9999681711196899, 0.00013789860531687737]"
20,"[9.094502456719056e-05, 0.00029563475982286036, 0.0017322031781077385, 0.9999206066131592]"
385,"[0.00018384205759502947, 0.00017883346299640834, 0.0005368622369132936, 0.999907374382019]"
83,"[0.9999479055404663, 0.00015871079813223332, 0.00013312276860233396, 0.00010447232489241287]"
51,"[0.00033847260056063533, 0.9999469518661499, 7.695220847381279e-05, 8.723572682356462e-05]"
138,"[0.00031523697543889284, 0.9999746084213257, 3.939417001674883e-05, 0.0008252791594713926]"
303,"[0.0002947982575278729, 0.9999444484710693, 8.628182695247233e-05, 8.587034972151741e-05]"
310,"[0.9999430179595947, 0.00014109697076492012, 0.00014829830615781248, 9.857717668637633e-05]"
411,"[0.00016549915017094463, 0.00015680478827562183, 0.0006204911624081433, 0.9998891353607178]"
277,"[0.00027857808163389564, 0.9999427795410156, 8.808333950582892e-05, 8.687510853633285e-05]"
249,"[0.0002673061389941722, 0.9999414682388306, 8.600647561252117e-05, 9.149670222541317e-05]"
308,"[0.9999709129333496, 0.00015404798614326864, 0.0002938817779067904, 0.0001239670382346958]"
273,"[0.00019406764477025717, 0.999983549118042, 0.015104196965694427, 3.544061110005714e-05]"
593,"[0.00019491104467306286, 0.0005547563778236508, 0.9999685287475586, 0.00013581379607785493]"
323,"[0.9999773502349854, 0.0012187387328594923, 9.0555171482265e-05, 6.263424438657239e-05]"
446,"[5.265161962597631e-05, 0.9999027252197266, 0.00010943635425064713, 0.08789940923452377]"
551,"[0.9996963739395142, 9.621584467822686e-05, 5.0753984396578744e-05, 0.9977741837501526]"
90,"[0.000306122237816453, 0.9999363422393799, 6.935920828254893e-05, 9.002815204439685e-05]"
164,"[0.0002707010426092893, 0.9999409914016724, 9.182351641356945e-05, 8.352200529770926e-05]"
515,"[0.00028772425139322877, 0.9999408721923828, 8.319513290189207e-05, 8.582319424021989e-05]"
86,"[0.0003437827399466187, 0.9999492168426514, 7.966358680278063e-05, 8.706095832167193e-05]"
173,"[0.00029966889997012913, 0.00013050583947915584, 0.0004871962883044034, 0.9999222755432129]"
247,"[0.00024154626589734107, 0.9999347925186157, 7.79204347054474e-05, 0.00010083681991090998]"
66,"[0.0002967173932120204, 0.999947190284729, 9.131940169027075e-05, 8.542018622392789e-05]"
260,"[0.9999617338180542, 0.0001647010212764144, 0.00019558871281333268, 0.00010564402327872813]"
582,"[0.00018926500342786312, 0.0006755588692612946, 0.9999725818634033, 0.00013069251144770533]"
400,"[0.0001744944165693596, 0.00013159237278159708, 0.0007400671602226794, 0.9998821020126343]"
97,"[0.99996018409729, 0.00016851739201229066, 0.00012037155829602852, 0.0001609741011634469]"
550,"[0.9998195767402649, 5.589345164480619e-05, 8.953416545409709e-05, 0.987532913684845]"
482,"[0.00015999123570509255, 0.0001731075026327744, 0.000619807920884341, 0.9998961687088013]"
127,"[0.9999395608901978, 0.00013227220915723592, 0.00011446689313743263, 0.00012772349873557687]"
163,"[0.9999407529830933, 0.00021360527898650616, 9.97890965663828e-05, 8.914397767512128e-05]"
10,"[0.00011957657989114523, 0.008598345331847668, 0.9999885559082031, 7.015384471742436e-05]"
270,"[0.00037404370959848166, 0.9999405145645142, 6.810396007495001e-05, 8.13369988463819e-05]"
589,"[0.0001930779981194064, 0.0005408141296356916, 0.9999672174453735, 0.00013617455260828137]"
523,"[0.010182587429881096, 0.9999899864196777, 0.04823346808552742, 1.4580306014977396e-05]"
136,"[0.9999843835830688, 0.0006512589170597494, 2.8423077310435474e-05, 0.0008756821043789387]"
26,"[0.00012648144911509007, 0.00014400629152078182, 0.0015966873615980148, 0.9999051094055176]"
570,"[0.9999507665634155, 0.00015769153833389282, 0.00014950531476642936, 0.00010129893780685961]"
380,"[0.00017815353930927813, 0.0006427635671570897, 0.9999723434448242, 0.00014735839795321226]"
322,"[0.9999377727508545, 0.00011406124394852668, 0.00015399570111185312, 0.00011300397454760969]"
102,"[0.9999642372131348, 0.0005187416099943221, 8.697515295352787e-05, 7.407658995361999e-05]"
439,"[0.0002485199656803161, 0.9999346733093262, 6.782753189327195e-05, 0.00011308040120638907]"
527,"[0.00013931887224316597, 0.9999796152114868, 0.09795573353767395, 3.847287007374689e-05]"
361,"[0.9999507665634155, 0.00015459139831364155, 0.00015128696395549923, 0.00010159137309528887]"
155,"[0.9999412298202515, 0.00013944778766017407, 0.00014447103603743017, 9.896116534946486e-05]"
230,"[0.000308938353555277, 0.9999487400054932, 9.265683183912188e-05, 8.328395779244602e-05]"
29,"[0.00020558042160701007, 0.00032374312286265194, 0.9999752044677734, 0.00045462482376024127]"
561,"[0.00019254832295700908, 0.0005400555673986673, 0.9999679327011108, 0.00013923825463280082]"
218,"[0.9999516010284424, 0.0001456272875657305, 9.851017966866493e-05, 0.00016896855959203094]"
404,"[0.00017091157496906817, 0.00015282692038454115, 0.0005951583152636886, 0.9998843669891357]"
505,"[0.9999899864196777, 0.0813884288072586, 0.04367249459028244, 9.749625860422384e-06]"
223,"[0.9999445676803589, 0.00014309358084574342, 0.00015107219223864377, 9.824760491028428e-05]"
32,"[0.0001406231167493388, 0.9999709129333496, 5.5794876971049234e-05, 0.0014880804810672998]"
152,"[0.9999454021453857, 0.00016015760775189847, 0.00014279493188951164, 9.2355054221116e-05]"
144,"[0.9999470710754395, 0.00016107389819808304, 0.0001220959675265476, 0.00010963207751046866]"
393,"[0.0001952088059624657, 0.0005233308183960617, 0.9999680519104004, 0.00014173668751027435]"
204,"[0.9999476671218872, 0.0001527668791823089, 0.0001521337981102988, 9.673996100900695e-05]"
358,"[0.0001995176717173308, 0.0005586026236414909, 0.9999700784683228, 0.00013754390238318592]"
234,"[0.9999462366104126, 0.00015545421047136188, 0.00013085138925816864, 0.00010572232713457197]"
69,"[0.07746566832065582, 0.9999839067459106, 2.797711749735754e-05, 5.060126932221465e-05]"
139,"[0.9999384880065918, 0.00014234903210308403, 0.00012782096746377647, 0.00010348725481890142]"
522,"[0.00012294415500946343, 0.8727922439575195, 0.9999854564666748, 2.2639986127614975e-05]"
34,"[0.00012944851187057793, 0.9999696016311646, 6.986783409956843e-05, 0.006437382660806179]"
205,"[0.9999412298202515, 0.00015051430091261864, 0.00012530930689536035, 0.0001037013134919107]"
461,"[0.9999417066574097, 0.00014453496260102838, 0.00013113979366607964, 0.00010450818808749318]"
487,"[0.00037292606430128217, 0.9999383687973022, 5.047023660154082e-05, 0.00011263743363087997]"
572,"[0.00019461837655398995, 0.0005392133025452495, 0.999968409538269, 0.00013978793867863715]"
576,"[0.00020251913520041853, 0.0005103488801978528, 0.9999685287475586, 0.00014240645396057516]"
64,"[0.001019823830574751, 0.999968409538269, 6.819442205596715e-05, 6.29405549261719e-05]"
544,"[0.9999499320983887, 0.0001604315039003268, 0.00013988142018206418, 0.00010592910257400945]"
201,"[0.0010698364349082112, 0.9999681711196899, 7.324436592170969e-05, 5.8465735492063686e-05]"
190,"[0.00022421940229833126, 0.00011100794654339552, 0.00122624053619802, 0.9999274015426636]"
370,"[0.9993908405303955, 7.092783198459074e-05, 0.0002255948056699708, 0.9997890591621399]"
406,"[0.00015445098688360304, 0.00018060482398141176, 0.0005896990187466145, 0.9998952150344849]"
162,"[0.999951958656311, 0.00018133592675440013, 0.00015367429296020418, 8.742317731957883e-05]"
382,"[0.00019553705351427197, 0.0005613401299342513, 0.9999686479568481, 0.00013429509999696165]"
342,"[0.00019235492800362408, 0.000612078991252929, 0.999972939491272, 0.0001437021855963394]"
394,"[0.9999707937240601, 4.5174037950346246e-05, 4.359117883723229e-05, 0.06029267609119415]"
433,"[0.9995881915092468, 0.00015380667173303664, 0.00018611038103699684, 0.9996235370635986]"
341,"[0.00016292255895677954, 0.00015230465214699507, 0.0006776125519536436, 0.9998912811279297]"
472,"[0.00024845454026944935, 0.00013528270937968045, 0.0005358142661862075, 0.9999133348464966]"
360,"[0.9999425411224365, 0.00014710794494021684, 0.0001222749415319413, 0.0001109620206989348]"
325,"[0.00036753102904185653, 0.9999401569366455, 6.374817166943103e-05, 8.794678433332592e-05]"
577,"[0.00015858856204431504, 0.9999818801879883, 0.007097591180354357, 3.963488052249886e-05]"
324,"[0.9999489784240723, 0.00014635702245868742, 0.0001464684319216758, 0.00010933568410109729]"
407,"[0.05113827437162399, 0.00010539196955505759, 0.00016233173664659262, 0.9999945163726807]"
210,"[0.9999370574951172, 0.0001395463477820158, 0.00012789825268555433, 0.00010261484567308798]"
158,"[0.9999833106994629, 0.9679981470108032, 0.00030346252606250346, 6.380339618772268e-05]"
528,"[0.0003006398619618267, 0.9999442100524902, 9.128318924922496e-05, 7.999396621016786e-05]"
369,"[0.0001942907547345385, 0.0005377894849516451, 0.999968409538269, 0.00014014456246513873]"
128,"[0.9999698400497437, 0.00011820661165984347, 4.210527185932733e-05, 0.001511078211478889]"
547,"[0.9999438524246216, 0.00014941295376047492, 0.0001240681594936177, 0.00011008977890014648]"
96,"[0.00016422444605268538, 0.00015000395069364458, 0.0006277738721109927, 0.999882698059082]"
212,"[0.99994957447052, 0.0001653589279158041, 0.00013686435704585165, 0.00010138146171811968]"
284,"[0.9999487400054932, 0.00011228827497689053, 0.00014658606960438192, 0.00015906804765108973]"
60,"[0.9999337196350098, 0.00011981283023487777, 0.00013662288256455213, 0.00010963919339701533]"
344,"[0.00020512676564976573, 0.00044899521162733436, 0.9999656677246094, 0.00014772503345739096]"
168,"[0.00020731420954689384, 0.0006227362900972366, 0.9999719858169556, 0.0001250935747520998]"
534,"[0.0001395808212691918, 0.001357038738206029, 0.9999828338623047, 0.00015829216863494366]"
70,"[0.0012332668993622065, 0.9999593496322632, 4.377017103252001e-05, 6.657982157776132e-05]"
202,"[0.00029124203138053417, 0.9999514818191528, 6.135482544777915e-05, 0.00015895432443358004]"
321,"[0.9999492168426514, 0.0001570443419041112, 0.0001537449425086379, 9.616190800443292e-05]"
237,"[0.9164329767227173, 0.9999865293502808, 0.00011699383321683854, 6.317736551864073e-05]"
93,"[0.00017325578664895147, 0.000212769431527704, 0.0005007244762964547, 0.9999115467071533]"
494,"[0.0007319970172829926, 0.0001252367947017774, 0.00044912786688655615, 0.9999594688415527]"
464,"[0.00019262931891717017, 0.0005469694151543081, 0.9999690055847168, 0.00014128869224805385]"
363,"[0.0005822153761982918, 0.0001104714028770104, 0.0004407463420648128, 0.9999374151229858]"
73,"[0.00012915063416585326, 0.9999476671218872, 2.6713891202234663e-05, 0.005899711977690458]"
50,"[0.9999474287033081, 0.00019221998809371144, 0.00012934474216308445, 8.749282278586179e-05]"
313,"[0.9999581575393677, 0.0002396258496446535, 0.00016070112178567797, 7.501657091779634e-05]"
591,"[0.00021751246822532266, 0.9999610185623169, 0.00020457946811802685, 8.176440314855427e-05]"
587,"[0.00019534214516170323, 0.000552268058527261, 0.999968409538269, 0.0001356194115942344]"
473,"[0.00017311838746536523, 0.00015054400137159973, 0.0006947108777239919, 0.9999011754989624]"
548,"[0.9999382495880127, 0.00013460688933264464, 0.00013481640780810267, 0.00010461748024681583]"
302,"[0.9999457597732544, 0.000156980415340513, 0.00013459510228130966, 0.0001006449747364968]"
148,"[0.9999449253082275, 0.000180923510924913, 0.00012423105363268405, 9.161027992377058e-05]"
562,"[0.00019401214376557618, 0.0005172211676836014, 0.9999681711196899, 0.00014535884838551283]"
383,"[0.9999806880950928, 0.0001938233763212338, 0.008057412691414356, 4.1247862100135535e-05]"
22,"[0.0001853326102718711, 0.00014173777890391648, 0.0007176583167165518, 0.9999009370803833]"
87,"[0.00027932756347581744, 0.9999488592147827, 0.00010316741827409714, 8.647605864098296e-05]"
196,"[0.15953846275806427, 0.0001291277294512838, 0.00021788566664326936, 0.9999961853027344]"
180,"[0.0001152052718680352, 0.0007160593522712588, 0.0002725976228248328, 0.9999276399612427]"
480,"[0.00016356699052266777, 0.00016110416618175805, 0.000584010558668524, 0.9998849630355835]"
12,"[0.9775018692016602, 5.87017166253645e-05, 7.58304595365189e-05, 0.9999682903289795]"
193,"[0.9999762773513794, 0.9320335984230042, 3.45152584486641e-05, 0.00018281421216670424]"
445,"[0.0002873563498724252, 0.9999440908432007, 8.655789861222729e-05, 8.792783046374097e-05]"
437,"[0.00016531998699065298, 0.00015110532694961876, 0.0006564747891388834, 0.9998883008956909]"
440,"[0.0002197997091570869, 0.9999291896820068, 7.135624764487147e-05, 0.00011429032019805163]"
146,"[0.9999392032623291, 0.00014620331057813019, 0.0001267122570425272, 0.00010213483619736508]"
178,"[0.0011746896198019385, 4.5699580368818715e-05, 0.002711888402700424, 0.999946117401123]"
410,"[0.00015265648835338652, 0.0001788764348020777, 0.0006043642060831189, 0.9998942613601685]"
463,"[0.00020059999951627105, 0.00056387361837551, 0.9999703168869019, 0.0001362749608233571]"
536,"[0.00023335733567364514, 0.0006011365330778062, 0.9999775886535645, 0.00014261354226619005]"
424,"[0.000562524888664484, 0.00012732669711112976, 0.0004639761464204639, 0.9999599456787109]"
74,"[0.0002751067513599992, 0.9999420642852783, 8.002371760085225e-05, 9.553573181619868e-05]"
131,"[0.9999469518661499, 0.00015890522627159953, 0.00012784851423930377, 0.00010655833466444165]"
47,"[0.00037632547901012003, 0.9999455213546753, 6.477176066255197e-05, 9.073834371520206e-05]"
129,"[0.9999759197235107, 0.0005420633242465556, 0.00014808325795456767, 7.708647171966732e-05]"
348,"[0.00019227847224101424, 0.0005442664842121303, 0.9999681711196899, 0.00013937427138444036]"
176,"[0.005870069842785597, 8.537832763977349e-05, 0.00020531225891318172, 0.9999833106994629]"
381,"[0.00018044645548798144, 0.0009130155667662621, 0.9999785423278809, 0.00012980597966816276]"
466,"[0.0001744944165693596, 0.00014277479203883559, 0.0006104454514570534, 0.9998793601989746]"
71,"[0.00027210349799133837, 0.9999338388442993, 6.619674240937456e-05, 0.00010328071948606521]"
288,"[0.9999426603317261, 0.00016471609706059098, 0.00013008105452172458, 9.276406490243971e-05]"
1,"[0.9999408721923828, 0.00013361964374780655, 0.0001252738293260336, 0.00011851552699226886]"
390,"[0.999954104423523, 0.00015777847147546709, 0.00012978208542335778, 0.00012421280553098768]"
130,"[0.0004030396812595427, 0.9999502897262573, 6.751211185473949e-05, 8.934643847169355e-05]"
89,"[0.9942441582679749, 0.9995406866073608, 2.367374509049114e-05, 5.1470626203808933e-05]"
280,"[0.999950647354126, 0.0001642217830521986, 0.00015922739112284034, 9.189437696477398e-05]"
134,"[0.00017233756079804152, 0.9999403953552246, 4.227881072438322e-05, 0.011131289415061474]"
4,"[0.9999556541442871, 0.00016387843061238527, 0.00020235970441717654, 8.73405224410817e-05]"
345,"[5.512317147804424e-05, 0.0006995908333919942, 0.004044875968247652, 0.9998596906661987]"
143,"[0.9999508857727051, 0.0001822494377847761, 0.00014281836047302932, 9.042125748237595e-05]"
171,"[0.9870201349258423, 0.0001445741072529927, 8.387533307541162e-05, 0.9999803304672241]"
519,"[0.00026221806183457375, 0.9999575614929199, 0.00014901328540872782, 7.899712363723665e-05]"
524,"[0.00021687733533326536, 0.9999498128890991, 0.00014622909657191485, 8.416040509473532e-05]"
315,"[0.9999501705169678, 0.00015044570318423212, 0.00014576052490156144, 0.00010741838195826858]"
554,"[0.999943733215332, 0.00015406354214064777, 0.0001307507191086188, 0.000101495512353722]"
99,"[0.9999406337738037, 0.00013867844245396554, 0.00011835684563266113, 0.00011840224033221602]"
268,"[0.00023278647859115154, 0.999947190284729, 0.0001409809192409739, 7.497831393266097e-05]"
395,"[0.00016408028022851795, 0.0001688083284534514, 0.0005911463522352278, 0.9998948574066162]"
265,"[0.9999512434005737, 0.00017473949992563576, 0.00012222481018397957, 0.0001096925261663273]"
241,"[0.00028096509049646556, 0.9999455213546753, 9.128066449193284e-05, 8.797361806500703e-05]"
331,"[0.9999556541442871, 8.790569700067863e-05, 0.00012380897533148527, 0.00030897013493813574]"
495,"[0.000171445615706034, 0.00017554995429236442, 0.000599271384999156, 0.9999055862426758]"
491,"[0.0001454525627195835, 0.0023946850560605526, 0.9999860525131226, 0.00011651634122245014]"
457,"[0.000261524721281603, 0.9999560117721558, 0.0001562558172736317, 7.453576108673587e-05]"
412,"[0.005131588317453861, 0.9975041747093201, 1.0703988664317876e-05, 0.9710382223129272]"
179,"[5.6331587984459475e-05, 0.051120273768901825, 9.148693061433733e-05, 0.9999406337738037]"
349,"[0.00018284088582731783, 0.0005696569569408894, 0.9999692440032959, 0.00014517670206259936]"
3,"[0.9999375343322754, 0.00013017708261031657, 0.00012777977099176496, 0.00011297844321234152]"
31,"[0.0004102638049516827, 0.9999537467956543, 6.753091292921454e-05, 0.00010188464511884376]"
546,"[0.9999426603317261, 0.00014636343985330313, 0.0001211493945447728, 0.0001125149501604028]"
135,"[0.9999493360519409, 0.00016063569637481123, 0.0001247144682565704, 0.00011281921615591273]"
222,"[0.9999556541442871, 0.00018799073586706072, 0.0001604288991075009, 8.890246681403369e-05]"
500,"[0.99994957447052, 0.00015428406186401844, 0.00010387272777734324, 0.00014125285088084638]"
431,"[0.006675324402749538, 0.0006734619382768869, 0.20627212524414062, 0.9894213676452637]"
388,"[0.0008770528365857899, 8.281574991997331e-05, 0.0014739569742232561, 0.9999748468399048]"
5,"[0.9999592304229736, 0.00010684018343454227, 0.00033878590329550207, 0.0001376896834699437]"
484,"[0.00016728689661249518, 0.00016185354616027325, 0.0006061707390472293, 0.9998922348022461]"
462,"[0.00019603587861638516, 0.0005780319916084409, 0.9999700784683228, 0.00013582428800873458]"
508,"[0.9999440908432007, 0.00015020646969787776, 0.00012035891995765269, 0.00011378618364688009]"
256,"[0.0002551907964516431, 0.9999368190765381, 8.548341429559514e-05, 8.924697613110766e-05]"
318,"[0.9951171875, 0.9993801116943359, 3.799121259362437e-05, 2.5933602955774404e-05]"
195,"[0.0002594274701550603, 0.0003016021510120481, 0.0004871974524576217, 0.9999630451202393]"
19,"[7.013425056356937e-05, 0.0014149944763630629, 0.000721893273293972, 0.9999189376831055]"
285,"[0.9999406337738037, 0.00013365811901167035, 0.00013593854964710772, 0.00010891674901358783]"
11,"[0.0002214009582530707, 0.0009708618163131177, 0.9999827146530151, 0.0001233220100402832]"
104,"[0.9999397993087769, 0.00013799974112771451, 0.00012689556751865894, 0.00010994940384989604]"
84,"[0.9999624490737915, 0.0001672041544225067, 0.00023190167848952115, 9.372695058118552e-05]"
40,"[0.00035865779500454664, 0.9999529123306274, 7.47391750337556e-05, 9.663190576247871e-05]"
236,"[0.0003638622583821416, 0.9999511241912842, 8.20889399619773e-05, 8.295351290144026e-05]"
592,"[0.0001938980567501858, 0.0005748968687839806, 0.999969482421875, 0.0001354501146124676]"
263,"[0.00033002623240463436, 0.9999520778656006, 0.00010004635987570509, 7.777744758641347e-05]"
452,"[0.0002907650778070092, 0.9999632835388184, 0.0001493677991675213, 8.523897122358903e-05]"
398,"[0.0012312480248510838, 0.0002996943367179483, 0.00015934373368509114, 0.999976634979248]"
78,"[0.0010665679583325982, 0.999961256980896, 4.504347816691734e-05, 7.402144547086209e-05]"
513,"[0.9151614904403687, 0.9999265670776367, 5.2688286814372987e-05, 3.745938010979444e-05]"
206,"[0.00030260506900958717, 0.9999481439590454, 8.914720820030198e-05, 8.729648106964305e-05]"
72,"[0.0003869969805236906, 0.999942421913147, 4.348153015598655e-05, 0.0001360874593956396]"
239,"[0.00026858755154535174, 0.9999490976333618, 0.00010440997721161693, 8.685232751304284e-05]"
334,"[0.00019718614930752665, 0.003316702554002404, 0.9999892711639404, 8.034525671973825e-05]"
233,"[0.9999432563781738, 0.00016567518468946218, 0.0001290219952352345, 9.41036269068718e-05]"
42,"[0.0003079951857216656, 0.9999502897262573, 9.576768206898123e-05, 8.35730679682456e-05]"
167,"[1.09235606942093e-05, 0.9513016939163208, 0.2715476155281067, 0.10146517306566238]"
359,"[7.39517345209606e-05, 6.001765723340213e-05, 0.9960098266601562, 0.31757041811943054]"
289,"[0.999943733215332, 0.00017007807036861777, 0.00011850670853164047, 0.00010079248750116676]"
560,"[0.00019886526570189744, 0.00054503686260432, 0.9999698400497437, 0.00014045667194295675]"
65,"[0.0003218526253476739, 0.9999523162841797, 9.70255205174908e-05, 8.278535824501887e-05]"
68,"[0.0002756081521511078, 0.9999336004257202, 6.820385169703513e-05, 9.877327102003619e-05]"
304,"[0.00020280801982153207, 0.0005378577043302357, 0.9999699592590332, 0.0001400286128045991]"
244,"[0.00031790949287824333, 0.9999459981918335, 8.011611498659477e-05, 8.801674994174391e-05]"
319,"[0.0005904906429350376, 0.9999853372573853, 0.007926283404231071, 2.6471905584912747e-05]"
488,"[0.9999768733978271, 0.0812569409608841, 2.573039091657847e-05, 6.378843681886792e-05]"
215,"[0.9996248483657837, 0.9997332692146301, 0.00024586054496467113, 0.00013208882592152804]"
114,"[0.9999474287033081, 0.0001560860691824928, 0.00013083353405818343, 0.000107276086055208]"
478,"[0.0001590871688676998, 0.00016152855823747814, 0.0006473831599578261, 0.9998923540115356]"
217,"[0.9999805688858032, 0.003177821869030595, 5.7774213928496465e-05, 6.467473576776683e-05]"
192,"[0.00024361767282243818, 0.9999525547027588, 8.540609269402921e-05, 0.0001403213245794177]"
140,"[0.9999452829360962, 0.00016358461289200932, 0.00013745932665187865, 9.321568359155208e-05]"
28,"[0.00020078560919500887, 0.00045415526255965233, 0.9999712705612183, 0.00018210525740869343]"
53,"[0.0003324888530187309, 0.9999501705169678, 8.588279888499528e-05, 8.559157868148759e-05]"
30,"[0.00013394073175732046, 5.343667362467386e-05, 0.9999189376831055, 0.005308927968144417]"
118,"[0.00037394510582089424, 0.00013432148261927068, 0.00040372757939621806, 0.999929666519165]"
374,"[0.00019595588673837483, 0.000541288813110441, 0.999969482421875, 0.00014176602417137474]"
159,"[0.9985344409942627, 0.00021932220261078328, 0.9983077049255371, 6.766281785530737e-06]"
510,"[0.9999467134475708, 0.00015020447608549148, 0.00015902936866041273, 9.383444557897747e-05]"
425,"[0.00013073849549982697, 0.0001909130805870518, 0.0008557892870157957, 0.9999065399169922]"
453,"[0.0002646404900588095, 0.9999405145645142, 8.362800144823268e-05, 9.405516902916133e-05]"
496,"[0.0002121402503689751, 0.9999492168426514, 5.7671888498589396e-05, 0.0002387860877206549]"
409,"[0.00017441938689444214, 0.00015632198483217508, 0.0006025160546414554, 0.9998928308486938]"
492,"[0.00017527917225379497, 0.0001621028350200504, 0.0006143723730929196, 0.9999021291732788]"
161,"[0.9999645948410034, 0.0003487466892693192, 0.00011010406160494313, 8.872063335729763e-05]"
92,"[0.0002757033216767013, 0.9999407529830933, 8.626940689282492e-05, 8.65756519488059e-05]"
38,"[0.9171062707901001, 0.999980092048645, 6.1016999097773805e-05, 5.782674270449206e-05]"
459,"[0.0004918787162750959, 0.9999366998672485, 4.9237765779253095e-05, 8.125157182803378e-05]"
514,"[0.9999496936798096, 0.00015195678861346096, 0.0001459784689359367, 0.0001060042850440368]"
219,"[0.9999469518661499, 0.00016071400023065507, 0.00013142646639607847, 0.00010248810576740652]"
476,"[0.0001904875971376896, 0.00012586868251673877, 0.0006375274388119578, 0.9998763799667358]"
421,"[0.00019093274022452533, 0.00020977947860956192, 0.0006836974644102156, 0.9999339580535889]"
63,"[0.9999467134475708, 0.000171940031577833, 0.00013741044676862657, 9.099629824049771e-05]"
509,"[0.999945878982544, 0.0001533530157757923, 0.0001403054193360731, 9.94232323137112e-05]"
259,"[0.0002766493707895279, 0.9999396800994873, 8.195870759664103e-05, 8.90275914571248e-05]"
595,"[0.0001894982997328043, 0.0005190888186916709, 0.999967098236084, 0.0001447091344743967]"
376,"[0.00020457635400816798, 0.000489082420244813, 0.9999668598175049, 0.00013975449837744236]"
518,"[0.0002709290129132569, 0.9999480247497559, 0.00010864010255318135, 8.12933431006968e-05]"
378,"[7.228659524116665e-05, 0.0007041753851808608, 0.0017299536848440766, 0.9999068975448608]"
389,"[0.9999558925628662, 0.00016096612671390176, 0.00013228495663497597, 0.0001268826163141057]"
240,"[0.00027052557561546564, 0.9999427795410156, 8.543948933947831e-05, 9.229773422703147e-05]"
56,"[0.00043025531340390444, 0.9999603033065796, 4.06028630095534e-05, 0.0002396228810539469]"
109,"[0.0014720122562721372, 0.999976396560669, 7.431268750224262e-05, 6.137789023341611e-05]"
271,"[0.0002718732284847647, 0.9999370574951172, 7.557886419817805e-05, 9.468067582929507e-05]"
44,"[0.00029054118203930557, 0.9999402761459351, 8.195058035198599e-05, 8.54659010656178e-05]"
511,"[0.9475015997886658, 7.741501758573577e-05, 0.0001091239319066517, 0.9999681711196899]"
120,"[0.9999799728393555, 0.0019004279747605324, 6.514087726827711e-05, 7.380638999165967e-05]"
564,"[0.0001948753633769229, 0.0005307981045916677, 0.9999687671661377, 0.0001432314602425322]"
287,"[0.9999423027038574, 0.00014761618513148278, 0.00013368501095101237, 0.00010174581257160753]"
33,"[6.779746036045253e-05, 0.024354837834835052, 0.0004520824004430324, 0.9997320771217346]"
15,"[0.00018240365898236632, 0.0001350355159956962, 0.0007029343396425247, 0.9998914003372192]"
427,"[0.0001669355551712215, 0.00019711208005901426, 0.0005764232482761145, 0.9999104738235474]"
343,"[0.00019829061056952924, 0.0005350862047635019, 0.9999685287475586, 0.0001382373447995633]"
35,"[0.00024235410091932863, 0.9999426603317261, 0.00010053351434180513, 8.951238851295784e-05]"
384,"[0.9999744892120361, 0.00018651950813364238, 0.0006261091330088675, 7.009834371274337e-05]"
443,"[0.0007175936480052769, 0.999976634979248, 0.00014944317808840424, 7.066520629450679e-05]"
479,"[0.00019681273261085153, 0.0001528996363049373, 0.0005649113445542753, 0.9998990297317505]"
220,"[0.9999334812164307, 0.0001365469506708905, 0.0001383460039505735, 9.335756476502866e-05]"
408,"[0.0022526788525283337, 0.9999790191650391, 2.2339980205288157e-05, 0.00037554241134785116]"
350,"[0.00017708587984088808, 0.9595620036125183, 0.9999520778656006, 1.842243000282906e-05]"
203,"[0.9995324611663818, 0.00014881535025779158, 0.978157103061676, 5.159117790753953e-06]"
335,"[0.00019291329954285175, 0.0007534518954344094, 0.9999746084213257, 0.0001232544018421322]"
578,"[0.00019622081890702248, 0.000718087307177484, 0.9999743700027466, 0.00012498590513132513]"
169,"[0.00016074096492957324, 0.00017141210264526308, 0.0005643392214551568, 0.9998893737792969]"
499,"[0.0017554506193846464, 0.9999727010726929, 5.2772160415770486e-05, 6.242714152904227e-05]"
257,"[0.00029143894789740443, 0.99994957447052, 8.828658610582352e-05, 9.505103662377223e-05]"
432,"[0.00012091915414202958, 0.00014300465409178287, 0.0023344173096120358, 0.9999184608459473]"
540,"[0.00029672245727851987, 0.999947190284729, 9.288852743338794e-05, 8.407136920141056e-05]"
574,"[0.00019446032820269465, 0.0005422906833700836, 0.9999678134918213, 0.00013638948439620435]"
377,"[0.00028979426133446395, 0.9999889135360718, 0.0066716643050313, 3.6434521462069824e-05]"
281,"[0.9999397993087769, 0.00012954926933161914, 0.00012245416291989386, 0.00012296948989387602]"
458,"[0.0002380788791924715, 0.9999555349349976, 0.00014218610886018723, 8.844398689689115e-05]"
14,"[0.0003429488278925419, 0.9999481439590454, 8.071516640484333e-05, 8.453529881080613e-05]"
585,"[0.00018732812895905226, 0.000527721073012799, 0.9999667406082153, 0.0001423821522621438]"
543,"[0.0002592200180515647, 0.9999402761459351, 8.94610202522017e-05, 9.023580787470564e-05]"
507,"[0.763586163520813, 0.00017055535863619298, 8.335363963851705e-05, 0.9999923706054688]"
486,"[0.00020508450688794255, 0.0006517936126329005, 0.9999743700027466, 0.0001308740902459249]"
569,"[0.00019991183944512159, 0.0005300235934555531, 0.9999682903289795, 0.00013741658767685294]"
194,"[0.00019025779329240322, 0.9999489784240723, 4.072186857229099e-05, 0.0016249935142695904]"
531,"[0.00023691586102358997, 0.9999305009841919, 7.993517647264525e-05, 9.560836770106107e-05]"
327,"[0.004200569819658995, 0.9999929666519165, 0.0007276269025169313, 3.1122268410399556e-05]"
351,"[6.400736310752109e-05, 0.00010061397915706038, 0.9998568296432495, 0.03285760432481766]"
258,"[0.00024948810460045934, 0.9999346733093262, 8.550656639272347e-05, 8.833357424009591e-05]"
245,"[0.0001759320148266852, 0.999985933303833, 0.05886007472872734, 2.681624209799338e-05]"
177,"[0.00021036069665569812, 0.0001390599354635924, 0.0005643142503686249, 0.9998979568481445]"
309,"[0.9999151229858398, 0.7759841680526733, 2.4584660422988236e-05, 5.819590296596289e-05]"
352,"[0.0018785702995955944, 0.9933273792266846, 2.112889887939673e-05, 0.9585395455360413]"
199,"[0.00031424587359651923, 0.999948263168335, 8.832060120766982e-05, 8.46756884129718e-05]"
339,"[0.00019080079800914973, 0.00011353505396982655, 0.0007194154313765466, 0.9998687505722046]"
372,"[0.00020742531341966242, 0.0008496486698277295, 0.9999788999557495, 0.00011976187670370564]"
88,"[0.00026830704882740974, 0.9999423027038574, 8.82955064298585e-05, 9.044238686328754e-05]"
49,"[0.0003695313062053174, 0.9999514818191528, 7.817654113750905e-05, 8.630585944047198e-05]"
346,"[0.0003776596859097481, 0.0001185751025332138, 0.0007564205443486571, 0.9999511241912842]"
541,"[0.00024620795738883317, 0.999930739402771, 8.730396803002805e-05, 8.381641237065196e-05]"
306,"[0.1254073679447174, 0.999995231628418, 0.0030195063445717096, 1.9917333702323958e-05]"
405,"[0.0007802923792041838, 0.00012086105562048033, 0.00034994451561942697, 0.9999628067016602]"
489,"[0.00018948438810184598, 0.0005283678183332086, 0.9999691247940063, 0.00015032080409582704]"
340,"[0.00015586818335577846, 0.00026912818429991603, 0.0005921255797147751, 0.9999344348907471]"
312,"[0.999934196472168, 0.00014005198318045586, 0.00011699897004291415, 0.00010807428770931438]"
537,"[0.00028600700898095965, 0.9999415874481201, 7.730001379968598e-05, 9.414095984539017e-05]"
532,"[0.00021938620193395764, 0.9999349117279053, 8.396720659220591e-05, 0.00010557815403444692]"
231,"[0.9999463558197021, 0.00016564597899559885, 0.00012231004075147212, 0.00010480649507371709]"
75,"[0.00027444129227660596, 0.9999397993087769, 8.080950647126883e-05, 9.110752580454573e-05]"
512,"[0.000498406880069524, 0.9999508857727051, 5.832290480611846e-05, 8.947057358454913e-05]"
174,"[0.00016916410822886974, 0.00015668910054955631, 0.0005607553757727146, 0.9998824596405029]"
386,"[0.9999476671218872, 0.0001453621662221849, 0.00011914269271073863, 0.0001285533799091354]"
9,"[0.0001812294649425894, 0.000652909220661968, 0.999972939491272, 0.00014394972822628915]"
43,"[0.00030315975891426206, 0.9999493360519409, 9.374652290716767e-05, 8.492230699630454e-05]"
150,"[0.9999414682388306, 0.00014258486044127494, 0.00013889851106796414, 0.00010049373668152839]"
316,"[0.9999593496322632, 0.0002920990518759936, 0.00011641738819889724, 8.6015003034845e-05]"
235,"[1.870944834081456e-05, 0.08855318278074265, 0.0002454338246025145, 0.9998486042022705]"
460,"[0.9999474287033081, 0.00016110386059153825, 0.00011691197869367898, 0.00011503512359922752]"
347,"[0.028575953096151352, 0.999990701675415, 0.003163752378895879, 1.7223703252966516e-05]"
123,"[0.9999419450759888, 0.00015096792776603252, 0.00012807289022020996, 0.0001020412819343619]"
516,"[0.9999712705612183, 0.0003752714837901294, 6.582477362826467e-05, 0.0001916022301884368]"
224,"[0.9999403953552246, 0.00014388770796358585, 0.0001317635178565979, 0.00010207105515291914]"
45,"[0.00030673720175400376, 0.9999454021453857, 8.241869363700971e-05, 8.762390643823892e-05]"
311,"[0.9999599456787109, 0.0002505223674234003, 0.0001598075032234192, 7.575067138532177e-05]"
354,"[0.00014952725905459374, 0.0002007023576879874, 0.0005974586820229888, 0.999906063079834]"
357,"[0.000230037301662378, 0.0006561573827639222, 0.9999765157699585, 0.00012442203296814114]"
142,"[0.9999392032623291, 0.00011297424498479813, 0.00013646090519614518, 0.0001317117566941306]"
262,"[0.99993896484375, 0.9979408383369446, 0.00021252593433018774, 0.00015009951312094927]"
275,"[0.00022939358314033598, 0.9999310970306396, 8.791525033302605e-05, 9.111446706810966e-05]"
454,"[0.00016560476797167212, 0.03030826523900032, 0.9999915361404419, 6.447122723329812e-05]"
121,"[0.00029018850182183087, 0.9999433755874634, 8.217470167437568e-05, 8.997374243335798e-05]"
0,"[0.9999520778656006, 0.00013228660100139678, 7.775490666972473e-05, 0.0002457138616591692]"
580,"[0.00020053802290931344, 0.0005694723804481328, 0.9999693632125854, 0.0001310672814724967]"
426,"[0.0001152338445535861, 5.4519819968845695e-05, 0.01949918642640114, 0.9997037053108215]"
261,"[0.00025531050050631166, 0.9999344348907471, 8.145932952174917e-05, 9.019400022225454e-05]"
493,"[0.00013113842578604817, 0.00013633124763146043, 0.002461622701957822, 0.9999027252197266]"
67,"[0.00025979476049542427, 0.9999344348907471, 7.653710781596601e-05, 9.420759306522086e-05]"
85,"[0.0002578404382802546, 0.999936580657959, 8.17036852822639e-05, 9.160626359516755e-05]"
251,"[0.0002691053377930075, 0.9999372959136963, 7.757175626466051e-05, 9.329323074780405e-05]"
520,"[4.988169530406594e-05, 0.47761765122413635, 0.00023031623277347535, 0.996306300163269]"
469,"[0.0001615154615137726, 0.0001463201770093292, 0.0006489139050245285, 0.9998778104782104]"
110,"[0.9999343156814575, 0.00013006219523958862, 0.00012650231656152755, 0.00010874871804844588]"
170,"[0.00017281741020269692, 0.00014972886128816754, 0.0006202682852745056, 0.9998854398727417]"
57,"[0.0005649842787533998, 0.001077516470104456, 0.00011458723747637123, 0.9999818801879883]"
565,"[0.00022192660253494978, 0.9999659061431885, 0.00015693834575358778, 0.00012663519009947777]"
297,"[0.00014414517499972135, 0.00045497057726606727, 0.0003605764650274068, 0.9999362230300903]"
7,"[0.9999821186065674, 0.0054177651181817055, 4.93280022055842e-05, 5.8517387515166774e-05]"
243,"[0.00020661721646320075, 0.0006836186512373388, 0.9999743700027466, 0.00012416117533575743]"
250,"[0.04277031496167183, 0.9999864101409912, 0.9331057071685791, 9.800823136174586e-06]"
184,"[0.0007276952383108437, 0.0024833702482283115, 0.0001233691582456231, 0.9999593496322632]"
2,"[0.9999610185623169, 0.00016571122978348285, 0.00020135808154009283, 0.00010100445069838315]"
504,"[0.9999409914016724, 0.00011387051927158609, 0.00011215311678824946, 0.00016050539852585644]"
225,"[0.9999687671661377, 0.00021944456966593862, 0.00033708871342241764, 7.700344576733187e-05]"
402,"[0.00037857366260141134, 0.9999457597732544, 5.6508491979911923e-05, 0.00010940713400486857]"
232,"[0.9999493360519409, 0.00017199330613948405, 0.00011459171946626157, 0.00011559140693861991]"
197,"[0.9990122318267822, 0.9998809099197388, 0.00020560473785735667, 0.00013271997158881277]"
474,"[0.4071319103240967, 0.9995574355125427, 0.8892818093299866, 1.7669666476649581e-06]"
553,"[0.00019808049546554685, 0.0005172847886569798, 0.9999679327011108, 0.00014139745326247066]"
428,"[0.00018285500118508935, 0.00019111816072836518, 0.0007055964670144022, 0.9999198913574219]"
153,"[0.999942421913147, 0.00015453642117790878, 0.00013492212747223675, 9.552980191074312e-05]"
526,"[0.0002746122481767088, 0.9999681711196899, 0.0002642181934788823, 6.708872388117015e-05]"
594,"[0.00019528160919435322, 0.000582048378419131, 0.9999685287475586, 0.0001293909881496802]"
105,"[0.9999446868896484, 0.0001512812013970688, 0.00012907983909826726, 0.00010657530947355554]"
82,"[0.2328999787569046, 0.0825834721326828, 0.9999967813491821, 6.646925157838268e-06]"
185,"[0.0003639881906565279, 0.9999551773071289, 6.880846194690093e-05, 0.00011301776976324618]"
447,"[0.0005118530825711787, 0.9999852180480957, 0.0008772361907176673, 4.078331039636396e-05]"
418,"[0.00025426544016227126, 0.999961256980896, 0.0001688711199676618, 8.246397192124277e-05]"
296,"[0.9999381303787231, 8.409453585045412e-05, 0.00010426422522868961, 0.0002541377325542271]"
328,"[0.03156600147485733, 9.395226516062394e-05, 0.00014353729784488678, 0.9999912977218628]"
471,"[0.3772699534893036, 0.00015750563761685044, 0.0001729148207232356, 0.9999972581863403]"
39,"[0.0005283013451844454, 0.9999791383743286, 0.0003957125009037554, 4.433688445715234e-05]"
470,"[0.0005039366078563035, 0.00013921169738750905, 0.00043597203330136836, 0.9999579191207886]"
166,"[0.9999345541000366, 0.00016809452790766954, 0.1904139518737793, 3.097097578574903e-05]"
100,"[0.999974250793457, 4.571378667606041e-05, 3.456258855294436e-05, 0.8069443702697754]"
242,"[0.00026813006843440235, 0.9999470710754395, 9.391419735038653e-05, 9.267785935662687e-05]"
584,"[0.00017783395014703274, 0.0006450489745475352, 0.999970555305481, 0.00013755293912254274]"
438,"[0.0002296910242876038, 0.9999328851699829, 7.127674325602129e-05, 0.0001137787985499017]"
21,"[0.00016855227295309305, 0.0001679072593105957, 0.0005656966241076589, 0.9998936653137207]"
375,"[0.0001982573448913172, 0.0005365867982618511, 0.9999685287475586, 0.00013805240450892597]"
392,"[0.00019305037858430296, 0.000538275926373899, 0.9999680519104004, 0.00013970946019981056]"
566,"[0.8539031744003296, 0.9999905824661255, 0.0004077021440025419, 4.02615187340416e-05]"
227,"[0.9999910593032837, 0.5663898587226868, 5.612606037175283e-05, 7.509064744226635e-05]"
575,"[0.9999736547470093, 0.00015435248496942222, 0.0011653805850073695, 7.913819717941806e-05]"
299,"[0.9999517202377319, 0.00016675784718245268, 0.00013469575787894428, 0.0001071350125130266]"
46,"[0.0003838260017801076, 0.9999499320983887, 7.546184497186914e-05, 8.419515506830066e-05]"
216,"[0.9999421834945679, 0.0001461917272536084, 0.00012987555237486959, 0.00010489729174878448]"
248,"[0.00020063079136889428, 0.0005617595161311328, 0.9999721050262451, 0.0001443505461793393]"
103,"[0.9999501705169678, 0.00015261588850989938, 0.0001400553301209584, 0.00010982670210069045]"
295,"[0.9999507665634155, 0.0001469031412852928, 0.00018533668480813503, 9.204759408021346e-05]"
422,"[4.551755773718469e-05, 0.012963813729584217, 0.00021658616606146097, 0.9999445676803589]"
483,"[0.00016119374777190387, 0.00017666172061581165, 0.0005619250005111098, 0.9998924732208252]"
444,"[0.00024334837507922202, 0.9999356269836426, 8.361005166079849e-05, 9.478473657509312e-05]"
36,"[0.999954342842102, 0.00016194894851651043, 0.00010995369666488841, 0.0001433307770639658]"
276,"[0.00019508600234985352, 0.0005145258619450033, 0.9999686479568481, 0.00014724307402502745]"
387,"[0.00019367667846381664, 0.0005191477830521762, 0.9999672174453735, 0.00014149741036817431]"
332,"[0.9999648332595825, 0.0001512615999672562, 0.00022191941388882697, 0.00012018757843179628]"
301,"[0.00038385545485652983, 0.9999582767486572, 0.00011233784607611597, 7.151223690016195e-05]"
154,"[0.00027371541364118457, 0.0005215306300669909, 0.9999769926071167, 0.00013548796414397657]"
37,"[0.00041536110802553594, 0.9999511241912842, 7.832890696590766e-05, 7.6192372944206e-05]"
449,"[0.000268426287220791, 0.9999396800994873, 7.760608423268422e-05, 9.789774048840627e-05]"
485,"[0.9996302127838135, 0.9997013211250305, 0.00021503939933609217, 0.00011732988787116483]"
106,"[0.9999463558197021, 0.00016963639063760638, 0.00012142406922066584, 0.00010282111179549247]"
