index,logits
422,"[0.0004609992611221969, 0.00036127460771240294, 0.9999097585678101, 0.00017714280693326145]"
171,"[0.00026783166686072946, 0.0004074587195646018, 0.0004827275697607547, 0.9998615980148315]"
465,"[0.004373646341264248, 0.1769828051328659, 3.7060071917949244e-05, 0.9999836683273315]"
332,"[0.9999850988388062, 0.4161156117916107, 8.045151480473578e-05, 0.00013530076830647886]"
477,"[8.667477959534153e-05, 0.999935507774353, 0.00043666479177773, 0.0004491631989367306]"
436,"[0.00010624877904774621, 0.011575567536056042, 0.00012104605411877856, 0.9998928308486938]"
66,"[0.0013175486819818616, 0.0007251649512909353, 0.00016170559683814645, 0.9999500513076782]"
271,"[0.00019232650811318308, 0.0005237841396592557, 0.0005756115424446762, 0.9998602867126465]"
49,"[7.021589408395812e-05, 0.000572959310375154, 0.004155975300818682, 0.9997705817222595]"
333,"[0.0003526555374264717, 0.00027475733077153563, 0.999873161315918, 0.0002524089941289276]"
80,"[9.254883480025455e-05, 0.9999390840530396, 0.00032535515492781997, 0.0005358860362321138]"
371,"[0.9998797178268433, 0.00019870435062330216, 0.00021064773318357766, 0.00014381788787432015]"
177,"[9.17577781365253e-05, 0.9999359846115112, 0.00045126528129912913, 0.00035363694769330323]"
396,"[0.00021328515140339732, 0.0005879676318727434, 0.00044626538874581456, 0.9998668432235718]"
478,"[0.00013100756041239947, 0.999953031539917, 0.00022971992439124733, 0.0009283458930440247]"
154,"[8.843909745337442e-05, 0.3170701265335083, 5.325039091985673e-05, 0.9998677968978882]"
226,"[0.1411302238702774, 6.535000284202397e-05, 0.9999427795410156, 0.00012608370161615312]"
316,"[4.138122676522471e-05, 0.017442019656300545, 0.010618788190186024, 0.999944806098938]"
143,"[0.0001808736560633406, 0.002271936973556876, 0.00022446941875386983, 0.9999035596847534]"
27,"[0.00015400361735373735, 0.14511160552501678, 0.000274563004495576, 0.9999138116836548]"
413,"[0.0002334470336791128, 0.0009807036258280277, 0.9999232292175293, 0.00014673752593807876]"
176,"[0.00045074851368553936, 0.9999665021896362, 0.00026460568187758327, 0.00029503670521080494]"
87,"[0.004104544408619404, 0.9999715089797974, 0.00010075262252939865, 0.00015531331882812083]"
96,"[0.0002774439053609967, 0.9999737739562988, 0.0005311868153512478, 0.0003605381352826953]"
508,"[0.0002951469796244055, 0.9999542236328125, 0.00024412153288722038, 0.00026940772659145296]"
97,"[0.19339396059513092, 0.004347094800323248, 2.6679523216444068e-05, 0.9999829530715942]"
5,"[0.9998694658279419, 0.00021602500055450946, 0.0002260245382785797, 0.00011619225551839918]"
16,"[0.00019512971630319953, 0.004181124269962311, 0.00018761663523036987, 0.9999338388442993]"
187,"[0.00011062435805797577, 0.9999463558197021, 0.00038130825851112604, 0.0004426184459589422]"
161,"[0.00040254450868815184, 0.0006280143861658871, 0.00028758274856954813, 0.9999094009399414]"
127,"[0.00017006088455673307, 0.0007588720764033496, 0.0003949952370021492, 0.9998509883880615]"
41,"[5.645709279633593e-06, 0.011098469607532024, 0.9995461106300354, 0.0032629689667373896]"
292,"[0.00036937437835149467, 0.0002702445781324059, 0.9998798370361328, 0.00025646231370046735]"
186,"[0.00011064702994190156, 0.9999362230300903, 0.00035859798663295805, 0.0003478057333268225]"
22,"[0.00019752127991523594, 0.00047055655159056187, 0.0005468161543831229, 0.9998431205749512]"
297,"[0.7648888826370239, 0.9999046325683594, 2.270474396937061e-05, 7.855159492464736e-05]"
341,"[9.476882951275911e-06, 0.0011695603607222438, 0.8782897591590881, 0.9974173307418823]"
24,"[0.00017444700642954558, 0.0014269957318902016, 0.0003049457154702395, 0.9998946189880371]"
326,"[0.00017060074605979025, 0.0005130742210894823, 0.0009700185619294643, 0.9998828172683716]"
528,"[0.9999103546142578, 0.0002949039626400918, 0.00020159072300884873, 0.00012778597010765225]"
393,"[3.1698191378382035e-06, 0.8671121597290039, 0.054338619112968445, 0.9897950291633606]"
426,"[9.589041292201728e-05, 0.9999246597290039, 0.0003906863566953689, 0.00030655707814730704]"
470,"[0.000248973403358832, 0.9999634027481079, 0.0002814106410369277, 0.00039130024379119277]"
339,"[0.00020270961977075785, 0.9999426603317261, 0.0003004009195137769, 0.0002735865127760917]"
102,"[0.9998840093612671, 0.00017508406017441303, 0.0002050057373708114, 0.00016944434901233763]"
99,"[0.9998747110366821, 0.00019503021030686796, 0.00021536441636271775, 0.0001347518846159801]"
262,"[0.00016401738685090095, 0.0008427233551628888, 0.00041542307008057833, 0.9998577833175659]"
500,"[0.00039163409383036196, 0.0002563967718742788, 0.9998761415481567, 0.00024963871692307293]"
305,"[0.00017008585564326495, 0.00028150511207059026, 0.002091184724122286, 0.9998586177825928]"
294,"[0.000199104702915065, 0.0004006673989351839, 0.9998972415924072, 0.00039330084109678864]"
168,"[8.999562123790383e-05, 0.9999386072158813, 0.0001637052046135068, 0.27652060985565186]"
170,"[0.00026121173868887126, 0.0013008484384045005, 0.00022413177066482604, 0.9999086856842041]"
490,"[0.0001858555624494329, 0.000791732978541404, 0.0007029721746221185, 0.999910831451416]"
276,"[0.00014835134788881987, 0.0008549221674911678, 0.0004423297941684723, 0.9998559951782227]"
126,"[0.0001582986442372203, 0.0008314565056934953, 0.00040712926420383155, 0.9998555183410645]"
505,"[0.00040384905878454447, 0.0002655607822816819, 0.999879002571106, 0.00023431067529600114]"
135,"[0.00015481487207580358, 0.000760716269724071, 0.00041424878872931004, 0.9998366832733154]"
398,"[0.9999364614486694, 0.0001762530446285382, 0.0010123414685949683, 0.00010061867942567915]"
506,"[0.9998693466186523, 0.00021018167899455875, 0.0002181600866606459, 0.00012537266593426466]"
309,"[0.9999792575836182, 0.00016419202438555658, 0.00011260114843025804, 0.00869291927665472]"
447,"[0.0003999740001745522, 0.00029017162160016596, 0.9998834133148193, 0.00021784183627460152]"
110,"[0.0004623992426786572, 0.00029552009073086083, 0.9998925924301147, 0.00019382873142603785]"
402,"[0.00039247144013643265, 0.00034046469954773784, 0.9998906850814819, 0.00019318093836773187]"
72,"[9.230196155840531e-05, 0.9999282360076904, 0.00038859681808389723, 0.00034209294244647026]"
157,"[0.00020507944282144308, 0.0005180130829103291, 0.00047368809464387596, 0.9998475313186646]"
260,"[0.9998800754547119, 0.0003491968382149935, 0.00015765168063808233, 0.00010307744378224015]"
115,"[0.9998717308044434, 0.00019359748694114387, 0.00020319725445006043, 0.00013716681860387325]"
3,"[0.9994639754295349, 0.9992751479148865, 9.039039287017658e-05, 0.00013169404701329768]"
19,"[0.00018839284894056618, 0.9999731779098511, 0.0002298868930665776, 0.014061995781958103]"
146,"[0.00016995551413856447, 0.0009096547146327794, 0.0003673469473142177, 0.999868631362915]"
158,"[0.00043907525832764804, 0.0009430903010070324, 0.00023924118431750685, 0.9999328851699829]"
91,"[0.9999336004257202, 0.00016939749184530228, 0.00016328244237229228, 0.0004902247455902398]"
26,"[6.324782589217648e-05, 0.017187636345624924, 0.9999552965164185, 0.00014620610454585403]"
98,"[6.510746607091278e-05, 0.1668367236852646, 7.963176176417619e-05, 0.9998810291290283]"
257,"[0.0003588216204661876, 0.0004018574545625597, 0.9999003410339355, 0.0001889195409603417]"
403,"[9.068462532013655e-05, 0.9999270439147949, 0.0003772513009607792, 0.0003528307715896517]"
25,"[0.00014203798491507769, 0.0013629307504743338, 0.00033802096731960773, 0.9998730421066284]"
150,"[0.00018033948435913771, 0.00043321604607626796, 0.0006251321756280959, 0.9998272061347961]"
518,"[0.9999024868011475, 0.00017822439258452505, 0.00018944319162983447, 0.00021215926972217858]"
183,"[9.167320240521803e-05, 0.9999310970306396, 0.00039625909994356334, 0.00035893244785256684]"
440,"[0.00031726702582091093, 0.0004944886895827949, 0.00040199232171289623, 0.9998857975006104]"
392,"[0.00022072438150644302, 0.0004463676596060395, 0.0005375181790441275, 0.9998385906219482]"
394,"[0.19337525963783264, 0.000349647511029616, 9.095491259358823e-05, 0.999988317489624]"
335,"[0.00038616740494035184, 0.0002899103274103254, 0.9998799562454224, 0.00022170958982314914]"
384,"[0.00015267265553120524, 0.0013668693136423826, 0.0003371851344127208, 0.9998773336410522]"
213,"[0.032286159694194794, 0.9999740123748779, 6.477806164184585e-05, 0.00012259354116395116]"
502,"[0.00039543022285215557, 0.00028702476993203163, 0.9998800754547119, 0.0002185983903473243]"
448,"[4.325650297687389e-05, 0.00016168957517948002, 0.9997802376747131, 0.05418115481734276]"
479,"[8.620945300208405e-05, 0.046687133610248566, 0.999962329864502, 6.149377441033721e-05]"
29,"[0.00025316287064924836, 0.0031882913317531347, 0.000619168858975172, 0.9997785687446594]"
132,"[0.0001846913801273331, 0.00041712625534273684, 0.0006563240895047784, 0.999832272529602]"
342,"[0.9999845027923584, 0.00015148718375712633, 0.2658756673336029, 0.0002581181179266423]"
134,"[0.00016804180631879717, 0.0006822376162745059, 0.0004647064779419452, 0.9998488426208496]"
203,"[0.00011468890443211421, 0.9999470710754395, 0.0003816881508100778, 0.0004196315130684525]"
192,"[0.9999451637268066, 0.12003540247678757, 1.9254395738244057e-05, 0.0012130736140534282]"
261,"[0.9998818635940552, 0.00019986266852356493, 0.0003488569345790893, 0.00010234395449515432]"
489,"[0.9998544454574585, 0.00044085559784434736, 9.704384137876332e-05, 0.00011827720300061628]"
144,"[0.00014291604747995734, 0.001809032866731286, 0.00025640433887019753, 0.9998769760131836]"
234,"[0.003437332808971405, 0.00010632265912136063, 0.9999350309371948, 0.000210957441595383]"
496,"[0.0003949267265852541, 0.0002523514849599451, 0.999875545501709, 0.0002517367829568684]"
81,"[0.00022972015722189099, 0.0005147423944436014, 0.0005355967441573739, 0.9998711347579956]"
526,"[0.00038237866829149425, 0.0002734840090852231, 0.9998766183853149, 0.00023634349054191262]"
153,"[0.00018746590649243444, 0.0006478839786723256, 0.0004207743040751666, 0.9998524188995361]"
38,"[0.9999918937683105, 0.024525342509150505, 3.0230567062972113e-05, 0.09466627985239029]"
464,"[8.278495806735009e-05, 0.9996380805969238, 0.00011154326784890145, 0.938791811466217]"
488,"[9.588080865796655e-05, 0.9999308586120605, 0.00038963728002272546, 0.0003463169850874692]"
112,"[0.0003637935733422637, 0.0003599422925617546, 0.999893307685852, 0.00020132871577516198]"
320,"[6.071180450817337e-06, 0.0008425756823271513, 0.8855708837509155, 0.9971289038658142]"
524,"[0.0003395028761588037, 0.0003469297953415662, 0.9998857975006104, 0.00021506135817617178]"
399,"[0.00044506037374958396, 0.0002605632762424648, 0.9998846054077148, 0.0002255784347653389]"
280,"[0.00018877387628890574, 0.0004410590336192399, 0.0005942876450717449, 0.9998286962509155]"
166,"[0.0001127226569224149, 0.018368138000369072, 0.00010263382137054577, 0.999914288520813]"
308,"[0.9998776912689209, 0.0001835058064898476, 0.00021670082060154527, 0.0001485229004174471]"
383,"[0.0001758399448590353, 0.0007208631141111255, 0.0004610027826856822, 0.9998674392700195]"
484,"[0.00010133584873983636, 0.9999240636825562, 0.00037582908407785, 0.0002924205909948796]"
323,"[0.9998804330825806, 0.0002364510000916198, 0.00019011816766578704, 0.00012401657295413315]"
159,"[0.0002370399161009118, 0.0004248679615557194, 0.0005034032510593534, 0.9998518228530884]"
343,"[0.0002330776333110407, 0.0002824161492753774, 0.9998593330383301, 0.00037758462713100016]"
284,"[0.999970555305481, 0.0002332710282644257, 0.00010860902693821117, 0.0023160360287874937]"
205,"[9.053687244886532e-05, 0.999935507774353, 0.0004550590238068253, 0.00035431436845101416]"
46,"[0.00020137516548857093, 0.00044001947389915586, 0.0005353458691388369, 0.999832272529602]"
129,"[0.00021355091303121299, 0.000738700560759753, 0.00038674616371281445, 0.9998856782913208]"
516,"[0.0003524959029164165, 0.00041747611248865724, 0.999897837638855, 0.00018105846538674086]"
363,"[0.0003604083904065192, 0.9999614953994751, 0.00025452085537835956, 0.00027305984986014664]"
36,"[0.00017531208868604153, 0.9999691247940063, 0.00019261884153820574, 0.03778982535004616]"
445,"[0.0006416839314624667, 0.0006529895472340286, 0.0002389899455010891, 0.9999364614486694]"
247,"[0.0001662128634052351, 0.9999724626541138, 0.003808763576671481, 0.00019621166575234383]"
74,"[9.345385478809476e-05, 0.9999420642852783, 0.0004232469655107707, 0.00043514432036317885]"
510,"[0.0003670980513561517, 0.0003021835582330823, 0.9998846054077148, 0.0002306777605554089]"
172,"[0.00018690012802835554, 0.001456479076296091, 0.0002648585650604218, 0.9998893737792969]"
476,"[0.0001454517332604155, 0.9999499320983887, 0.0005164656904526055, 0.00037722254637628794]"
15,"[0.0001973166799871251, 0.0004990774323232472, 0.0005501567502506077, 0.9998495578765869]"
504,"[0.00040942771011032164, 0.0002632950490806252, 0.9998779296875, 0.00023162788420449942]"
414,"[5.9520472859730944e-05, 0.9999552965164185, 0.0019353964598849416, 0.00037833518581464887]"
435,"[0.0001220707199536264, 0.002850156044587493, 0.00022031836851965636, 0.9998760223388672]"
54,"[0.013058807700872421, 0.9999784231185913, 7.53166968934238e-05, 0.00015913283277768642]"
101,"[0.9998849630355835, 0.00017924113490153104, 0.0002313208970008418, 0.00015191057173069566]"
103,"[0.9999384880065918, 0.016524868085980415, 3.415732862777077e-05, 6.534824933623895e-05]"
14,"[0.0002745894598774612, 0.9999632835388184, 0.0003278154763393104, 0.00029946526046842337]"
235,"[0.0006115792202763259, 0.00026035195332951844, 0.9998975992202759, 0.00017606609617359936]"
405,"[0.00010106342961080372, 0.9999262094497681, 0.0003735683567356318, 0.00030677198083139956]"
522,"[0.0001830823312047869, 0.9999518394470215, 0.0002982614387292415, 0.0003486338537186384]"
425,"[0.00011187369091203436, 0.9999258518218994, 0.0003413072554394603, 0.00031338242115452886]"
273,"[0.00033872504718601704, 0.00026223607710562646, 0.9998672008514404, 0.00027187090017832816]"
221,"[8.91340387170203e-05, 0.9999316930770874, 0.00038783016498200595, 0.00038971324102021754]"
374,"[6.068049697205424e-05, 0.9967893362045288, 5.978510671411641e-05, 0.9928693175315857]"
223,"[0.999868631362915, 0.00020224068430252373, 0.00018806620209943503, 0.00013507182302419096]"
406,"[8.851494931150228e-05, 0.9999301433563232, 0.0004202171112410724, 0.0003517057339195162]"
204,"[0.9998856782913208, 0.00018223311053588986, 0.00019748024351429194, 0.00016978543135337532]"
145,"[7.392431143671274e-05, 0.9977214932441711, 6.068287621019408e-05, 0.994536280632019]"
48,"[0.9999840259552002, 0.00019868540402967483, 9.490348747931421e-05, 0.052679479122161865]"
246,"[0.00031250587198883295, 0.0007340707816183567, 0.9999295473098755, 0.0001587088336236775]"
514,"[0.9998747110366821, 0.0001993463229155168, 0.00024400492839049548, 0.00012415075616445392]"
388,"[0.00017059585661627352, 0.0005411139572970569, 0.0005327462567947805, 0.9998300075531006]"
123,"[0.00013394928828347474, 0.999832272529602, 0.00010195510549237952, 0.921209990978241]"
432,"[0.00042170187225565314, 0.00028052343986928463, 0.9998835325241089, 0.00021490843209903687]"
130,"[0.999954342842102, 0.0004101599915884435, 5.402726310421713e-05, 0.0016163559630513191]"
455,"[0.0002175950212404132, 0.0005522812716662884, 0.0004950938164256513, 0.9998706579208374]"
370,"[3.864562131639104e-06, 0.0012548412196338177, 0.9919717311859131, 0.3261655569076538]"
258,"[0.999901294708252, 0.00019208862795494497, 0.0004404977080412209, 0.00010430509428260848]"
416,"[5.4115429520606995e-05, 0.999923586845398, 0.0002908266324084252, 0.03235679864883423]"
381,"[0.00028770588687621057, 0.00037390555371530354, 0.00048493940266780555, 0.9998559951782227]"
137,"[0.00012123710621381178, 0.004519232548773289, 0.00017862571985460818, 0.9998891353607178]"
266,"[1.5780333342263475e-05, 0.0005011623143218458, 0.537006676197052, 0.999173104763031]"
109,"[0.000342685409123078, 0.0004906197427771986, 0.9999130964279175, 0.00018033519154414535]"
376,"[0.0001262189180124551, 0.9999537467956543, 0.0008307358366437256, 0.0004511407169047743]"
289,"[0.9998871088027954, 0.00018149733659811318, 0.0002145534090232104, 0.00016177409270312637]"
194,"[0.29490458965301514, 0.0001434160949429497, 0.9999510049819946, 5.7656652643345296e-05]"
118,"[0.0005775212193839252, 0.00035225486499257386, 0.9999290704727173, 0.00018600322073325515]"
93,"[0.9998661279678345, 0.00020334029977675527, 0.0002258037420688197, 0.00012257987691555172]"
369,"[0.00020997156389057636, 0.9999589920043945, 0.00028624702827073634, 0.0006603905349038541]"
525,"[0.00037309053004719317, 0.00026667508063837886, 0.9998722076416016, 0.0002442528202664107]"
114,"[4.615916623151861e-05, 0.9999665021896362, 0.009260205551981926, 0.0003826182219199836]"
39,"[0.9999198913574219, 0.0001584635756444186, 0.00016147941641975194, 0.00038717908319085836]"
353,"[0.9999139308929443, 0.0001816995645640418, 0.0001725338661344722, 0.000274739257292822]"
189,"[8.565305324736983e-05, 0.9999274015426636, 0.0003996795858256519, 0.00036602068576030433]"
214,"[0.7625679969787598, 0.9999759197235107, 5.2691004384541884e-05, 0.0001425705850124359]"
173,"[0.00014147798356134444, 0.0016922614304348826, 0.0002683804486878216, 0.9998681545257568]"
481,"[8.407665882259607e-05, 0.6906828284263611, 0.9999583959579468, 4.607604569173418e-05]"
512,"[8.59963838593103e-05, 0.9999710321426392, 0.03239665925502777, 0.00017246496281586587]"
290,"[0.9999161958694458, 0.0001646157616050914, 0.00018351455219089985, 0.0003378971014171839]"
278,"[0.9999819993972778, 0.000153449407662265, 9.757033694768324e-05, 0.041472792625427246]"
105,"[0.00014947139425203204, 0.001184842549264431, 0.9999316930770874, 0.00032460043439641595]"
411,"[0.00015289481962099671, 0.9999620914459229, 0.0003284621052443981, 0.000651228881906718]"
248,"[0.0003458985884208232, 0.0002871254982892424, 0.9998781681060791, 0.0002564644964877516]"
492,"[0.00038206111639738083, 0.0003048861399292946, 0.9998825788497925, 0.00021643795480486006]"
503,"[7.52261039451696e-05, 0.9999382495880127, 0.0005163166206330061, 0.000452414620667696]"
195,"[9.025663166539744e-05, 0.9999301433563232, 0.00039301899960264564, 0.0003627160913310945]"
253,"[0.9998801946640015, 0.00020094841602258384, 0.0003100134781561792, 0.00010813747940119356]"
264,"[8.794510358711705e-05, 0.00045852939365431666, 0.004183185286819935, 0.9998733997344971]"
386,"[0.00017194231622852385, 0.000707808940205723, 0.000483078503748402, 0.9998559951782227]"
53,"[0.9999873638153076, 0.00021571441902779043, 9.72921698121354e-05, 0.1188063994050026]"
65,"[9.180302731692791e-05, 0.9999279975891113, 0.0003909408114850521, 0.00034645863343030214]"
141,"[7.493999873986468e-05, 0.20700331032276154, 5.80486812395975e-05, 0.9998564720153809]"
449,"[0.000214405357837677, 0.0005068595637567341, 0.0005608585779555142, 0.9998725652694702]"
314,"[0.00035681616282090545, 0.0002689293760340661, 0.9998763799667358, 0.0002622393367346376]"
178,"[5.7039611419895664e-05, 0.4280780851840973, 0.999962568283081, 5.1962128054583445e-05]"
138,"[0.00012780317047145218, 0.0031081116758286953, 0.00019749323837459087, 0.9998849630355835]"
415,"[8.74777979333885e-05, 0.9999264478683472, 0.00040584837552160025, 0.00034241171670146286]"
291,"[9.075555863091722e-05, 0.017138946801424026, 0.9999536275863647, 6.992042472120374e-05]"
327,"[0.9998798370361328, 0.0001957405766006559, 0.00020168934133835137, 0.00014983197615947574]"
285,"[0.0003020165313500911, 0.0011599831050261855, 0.0002592672244645655, 0.9999010562896729]"
420,"[0.00038750123349018395, 0.0002787568955682218, 0.9998779296875, 0.0002291072451043874]"
217,"[0.9998767375946045, 0.00018070025544147938, 0.00022952289145905524, 0.0001433381694369018]"
236,"[0.9998592138290405, 0.00020437884086277336, 0.0002304418885614723, 0.00011841216473840177]"
259,"[0.9998878240585327, 0.00019295414676889777, 0.00035198646946810186, 0.00011046435247408226]"
454,"[0.00011077171802753583, 0.9991472959518433, 5.586004044744186e-05, 0.9814355969429016]"
31,"[0.00017303720233030617, 0.000979282078333199, 0.00034746984601952136, 0.9998714923858643]"
274,"[0.0012448688503354788, 0.0001150618918472901, 0.999963641166687, 0.0011649072403088212]"
382,"[0.0001839926844695583, 0.0005994575330987573, 0.0004936649929732084, 0.9998509883880615]"
37,"[5.748032344854437e-05, 0.20979943871498108, 7.385729986708611e-05, 0.9998372793197632]"
486,"[9.407472680322826e-05, 0.9999213218688965, 0.00037142582004889846, 0.0003100658068433404]"
401,"[0.00015687850827816874, 0.0010756775736808777, 0.00037664652336388826, 0.9998708963394165]"
20,"[0.00016144647088367492, 0.0009396958630532026, 0.0008208076469600201, 0.9999053478240967]"
372,"[0.003238129196688533, 0.9999816417694092, 0.0001302282471442595, 0.00026435323525220156]"
344,"[0.00034197475179098547, 0.9999706745147705, 0.00016057980246841908, 0.026257751509547234]"
281,"[0.0001771943352650851, 0.0005229874514043331, 0.0005080979317426682, 0.9998276233673096]"
304,"[0.000344873929861933, 0.0003059670270886272, 0.9998867511749268, 0.00024896225659176707]"
51,"[0.0003273663460277021, 0.00040613615419715643, 0.000426491373218596, 0.9998736381530762]"
198,"[9.319293167209253e-05, 0.9999306201934814, 0.00040115645970217884, 0.0003442638844717294]"
491,"[0.0005081053823232651, 0.00026571372291073203, 0.9998975992202759, 0.00021101195306982845]"
444,"[0.00022655658540315926, 0.00044409537804313004, 0.0004887568647973239, 0.9998472929000854]"
4,"[0.0001423668145434931, 0.9999476671218872, 0.00036465402808971703, 0.00033693257137201726]"
230,"[0.0004972227034159005, 0.00035418703919276595, 0.9999109506607056, 0.00016942496586125344]"
52,"[0.0016385416965931654, 0.00028046220541000366, 0.0002635567507240921, 0.9999442100524902]"
2,"[0.9998581409454346, 0.00018752847972791642, 0.0002046918380074203, 0.00013146632409188896]"
209,"[0.0017026097048074007, 0.9999922513961792, 0.004657080862671137, 0.00019394242553971708]"
279,"[0.016639741137623787, 0.0002853639016393572, 0.00012216935283504426, 0.9999704360961914]"
282,"[0.00020046481222379953, 0.0004316428385209292, 0.0005443948321044445, 0.9998277425765991]"
12,"[8.437354495072213e-07, 0.16058491170406342, 0.9767606258392334, 0.30167922377586365]"
421,"[0.9999651908874512, 0.000177175403223373, 0.0059073856100440025, 0.00011756295134546235]"
78,"[0.000850981508847326, 0.037963416427373886, 4.262079528416507e-05, 0.9999706745147705]"
389,"[1.8295635527465492e-05, 0.00021811433543916792, 0.4139356017112732, 0.9987975358963013]"
520,"[0.9999366998672485, 0.00016127324488479644, 0.0029030777513980865, 6.959486927371472e-05]"
328,"[9.713281906442717e-05, 0.9999337196350098, 0.00043873992399312556, 0.0003248211869504303]"
395,"[0.0001857094030128792, 0.0006185895763337612, 0.00043972849380224943, 0.9998502731323242]"
133,"[0.00012322701513767242, 0.0023353835567831993, 0.0002100153942592442, 0.9998515844345093]"
293,"[0.00018132558034267277, 0.00037780229467898607, 0.0007384661585092545, 0.9998164772987366]"
387,"[0.00019861153850797564, 0.00034829581272788346, 0.0007225842564366758, 0.9998252987861633]"
216,"[0.06067819520831108, 0.9999884366989136, 0.00010907399700954556, 0.00017542696150485426]"
441,"[0.00019093199807684869, 0.0004541700182016939, 0.0005583303864113986, 0.9998342990875244]"
409,"[9.816893725655973e-05, 0.999934196472168, 0.00045835328637622297, 0.00032582232961431146]"
68,"[0.00026516252546571195, 0.9999526739120483, 0.00021235679741948843, 0.0005013998015783727]"
307,"[0.00022528486442752182, 0.00042230551480315626, 0.0005493260105140507, 0.9998496770858765]"
385,"[0.000270815915428102, 0.0006458714487962425, 0.0003432816592976451, 0.999879002571106]"
472,"[0.517889142036438, 0.0001919555215863511, 0.9999788999557495, 0.001732734264805913]"
69,"[0.6974570751190186, 0.9999674558639526, 4.612057455233298e-05, 8.542222349205986e-05]"
325,"[0.999886155128479, 0.00020751653937622905, 0.00020547576423268765, 0.00014113074576016515]"
318,"[0.0003825731691904366, 0.00026735200663097203, 0.999874472618103, 0.0002398903452558443]"
239,"[0.00029540061950683594, 0.0003325487778056413, 0.9998774528503418, 0.000252679135883227]"
156,"[6.38553174212575e-05, 0.4854663610458374, 5.044271529186517e-05, 0.9998028874397278]"
417,"[0.9998785257339478, 0.00019465715740807354, 0.00020868083811365068, 0.0001450052805012092]"
302,"[0.9998794794082642, 0.0002007618750212714, 0.000199610716663301, 0.00016146848793141544]"
311,"[0.00036917111719958484, 0.00027584159397520125, 0.9998763799667358, 0.00024350178136955947]"
366,"[0.9999737739562988, 0.0006485626799985766, 7.695968815824017e-05, 0.9465436935424805]"
79,"[0.999883770942688, 0.00017796967586036772, 0.00019653707568068057, 0.00017339643090963364]"
163,"[0.9999809265136719, 0.000160350144142285, 9.531860996503383e-05, 0.02162691205739975]"
244,"[0.9998669624328613, 0.00021925235341768712, 0.0002135044924216345, 0.00011984734010184184]"
245,"[0.0014605389442294836, 0.00023589638294652104, 0.9999356269836426, 0.00012908894859720021]"
288,"[0.0048271166160702705, 0.0003636460460256785, 0.00017739956092555076, 0.9999734163284302]"
35,"[0.00018163876666221768, 0.0008108036709018052, 0.0003961354086641222, 0.9998683929443359]"
346,"[0.00012492241512518376, 0.9999507665634155, 0.00041390181286260486, 0.0004237748507875949]"
499,"[0.0003749941533897072, 0.0002590853546280414, 0.9998724460601807, 0.00025277119129896164]"
249,"[0.0004286051553208381, 0.0002996537368744612, 0.9998935461044312, 0.00021098442084621638]"
428,"[4.165676000411622e-05, 0.9999558925628662, 0.37524211406707764, 0.00014393572928383946]"
324,"[0.9999103546142578, 0.00017736793961375952, 0.0008069759351201355, 8.735193114262074e-05]"
228,"[5.7634064432932064e-05, 0.9999548196792603, 0.002310042269527912, 0.0003856060211546719]"
139,"[0.0003840509452857077, 0.9999688863754272, 0.0004164006095379591, 0.0006044544279575348]"
480,"[0.00019976742623839527, 0.0004521410446614027, 0.0005858721560798585, 0.9998496770858765]"
94,"[0.999874472618103, 0.00019475257431622595, 0.000193385683814995, 0.00014683131303172559]"
201,"[9.30477399379015e-05, 0.9999382495880127, 0.00044123249244876206, 0.0003767299931496382]"
373,"[0.0002099135163007304, 0.999951958656311, 0.0004948953865095973, 0.0002784708049148321]"
462,"[0.0003338308015372604, 0.0005105483578518033, 0.999906063079834, 0.0001641469425521791]"
322,"[0.9993101358413696, 0.0002168593491660431, 0.9599246978759766, 6.519233284052461e-05]"
453,"[8.562007133150473e-05, 0.9998793601989746, 7.82523857196793e-05, 0.585803210735321]"
498,"[0.00040798206464387476, 0.00027055860846303403, 0.9998810291290283, 0.00022918134345673025]"
424,"[0.00010297036351403221, 0.9999240636825562, 0.00039641361217945814, 0.00027234695153310895]"
113,"[0.0004178220988251269, 0.0002702208876144141, 0.9998804330825806, 0.0002224025665782392]"
188,"[1.8357523003942333e-05, 0.9999476671218872, 0.010296880267560482, 0.011649777181446552]"
531,"[0.0003774327633436769, 0.0002658581652212888, 0.9998748302459717, 0.00024645152734592557]"
13,"[0.00020257823052816093, 0.00219570635817945, 0.00022115455067250878, 0.9999188184738159]"
43,"[0.0016732981894165277, 0.9999817609786987, 6.0490594478324056e-05, 0.008433077484369278]"
463,"[0.9998875856399536, 0.00018844853912014514, 0.00019585109839681536, 0.00016356153355445713]"
202,"[0.23017095029354095, 0.0003923581389244646, 7.498117338400334e-05, 0.9999885559082031]"
207,"[8.869593875715509e-05, 0.9999310970306396, 0.0003807184111792594, 0.00039427028968930244]"
42,"[0.9999781847000122, 0.0001441927597625181, 0.00010091799777001143, 0.015413360670208931]"
229,"[0.9998455047607422, 0.0002003614354180172, 0.00020144354493822902, 0.00012069439981132746]"
108,"[0.00038693592068739235, 0.0002772487641777843, 0.9998779296875, 0.0002309392293682322]"
345,"[0.00023441591474693269, 0.0005242814077064395, 0.0007624279242008924, 0.9999096393585205]"
122,"[0.00022500900377053767, 0.07584550976753235, 9.321115066995844e-05, 0.9999651908874512]"
340,"[0.00017643329920247197, 0.0005176862468943, 0.000516441825311631, 0.9998279809951782]"
64,"[9.076932474272326e-05, 0.999924898147583, 0.0003800203849095851, 0.0003374713414814323]"
361,"[0.9999488592147827, 0.00016105594113469124, 0.00015016793622635305, 0.0007645305595360696]"
232,"[0.9998586177825928, 0.00020706115174107254, 0.00020828089327551425, 0.0001230025663971901]"
95,"[0.9998652935028076, 0.00020801951177418232, 0.00022107169206719846, 0.00012199124466860667]"
165,"[0.9999853372573853, 0.0006249519647099078, 0.00010292010847479105, 0.8568660616874695]"
219,"[9.056821727426723e-05, 0.9999321699142456, 0.00037542139762081206, 0.00039530170033685863]"
241,"[0.9970276951789856, 0.321494996547699, 0.9974768757820129, 0.003966216463595629]"
70,"[0.9998706579208374, 0.0002368273417232558, 0.00016455345030408353, 0.00012892275117337704]"
240,"[0.9999489784240723, 0.0002046403387794271, 0.002531130565330386, 7.910921704024076e-05]"
390,"[0.00022066735255066305, 0.0004220964037813246, 0.0005227826768532395, 0.9998384714126587]"
200,"[0.00010292658407706767, 0.9999381303787231, 0.00035793776623904705, 0.0003982214257121086]"
368,"[9.81052071438171e-05, 0.9999268054962158, 0.0003709335869643837, 0.00032224474125541747]"
269,"[0.9994118213653564, 0.593296468257904, 8.91392664925661e-06, 0.0007157981162890792]"
191,"[0.00024161468900274485, 0.00034625540138222277, 0.0007271392387337983, 0.9998618364334106]"
439,"[0.00011212894605705515, 0.004498480353504419, 0.00020913517801091075, 0.9998908042907715]"
301,"[0.056264497339725494, 0.00020159936684649438, 0.00012231072469148785, 0.9999825954437256]"
451,"[0.00015120116586331278, 0.0014002175303176045, 0.0003145095834042877, 0.9998819828033447]"
164,"[0.00014199492579791695, 0.0017832552548497915, 0.0002558183332439512, 0.9998704195022583]"
7,"[0.012065159156918526, 0.0003917942813131958, 0.00012764350685756654, 0.9999812841415405]"
104,"[0.9999585151672363, 0.0006948747322894633, 0.0001484120439272374, 0.9926578402519226]"
175,"[0.9998592138290405, 0.00019212030747439712, 0.00018468133930582553, 0.00013900677731726319]"
250,"[0.9998615980148315, 0.00020143913570791483, 0.0002336973266210407, 0.00011657323193503544]"
359,"[0.0009277031640522182, 0.9999743700027466, 0.0001484051172155887, 0.0003693958860822022]"
61,"[9.128449892159551e-05, 0.9999316930770874, 0.0003963235067203641, 0.0003666863776743412]"
532,"[0.0003889379440806806, 0.00025067885871976614, 0.9998737573623657, 0.0002555920509621501]"
60,"[9.412031067768112e-05, 0.999946117401123, 0.0005239155143499374, 0.00046555616427212954]"
125,"[0.00013694295194000006, 0.006205940153449774, 0.00014116588863544166, 0.999907374382019]"
23,"[0.00017311525880359113, 0.0012131736148148775, 0.0003579558106139302, 0.9998927116394043]"
313,"[0.00033532612724229693, 0.0002645312633831054, 0.9998639822006226, 0.0002666509535629302]"
17,"[0.00015148140664678067, 0.0009394710650667548, 0.0004436398739926517, 0.9998637437820435]"
434,"[0.0001667085598455742, 0.0009120752802118659, 0.0003964710922446102, 0.9998712539672852]"
355,"[0.00011089568579336628, 0.008388298563659191, 0.00014573286171071231, 0.9998884201049805]"
473,"[0.01865277998149395, 0.3529394268989563, 2.3427575797541067e-05, 0.9997465014457703]"
225,"[8.297867316287011e-05, 0.9999523162841797, 0.0006016492261551321, 0.0005407935241237283]"
167,"[0.00015116194845177233, 0.001113435486331582, 0.0003575237060431391, 0.9998669624328613]"
58,"[0.0007197840022854507, 0.0005849734880030155, 0.9999556541442871, 0.00015437559341080487]"
162,"[0.9998853206634521, 0.00018446399189997464, 0.00021465428289957345, 0.00015840117703191936]"
437,"[0.00016382202738896012, 0.0011832177406176925, 0.0003053276741411537, 0.9998670816421509]"
82,"[0.0001589832827448845, 0.0009111158433370292, 0.00035321625182405114, 0.9998464584350586]"
75,"[8.224894554587081e-05, 0.9999419450759888, 0.0005862519610673189, 0.0003864003228954971]"
515,"[0.9998981952667236, 0.0002860522654373199, 0.00025232837651856244, 0.00010026928066508844]"
456,"[0.0005240066675469279, 0.9999750852584839, 0.0001599087263457477, 0.01202461589127779]"
400,"[6.930869858479127e-05, 0.9958653450012207, 6.256499182200059e-05, 0.9959723353385925]"
287,"[0.9998778104782104, 0.00017376882897224277, 0.0002156348346034065, 0.00016141538799274713]"
362,"[0.9998993873596191, 0.0001864089135779068, 0.00021538641885854304, 0.00017695254064165056]"
124,"[0.0002384716790402308, 0.9999650716781616, 0.00032017831108532846, 0.001682368223555386]"
412,"[0.0001156674770754762, 0.9999337196350098, 0.0003258639480918646, 0.0003786801244132221]"
329,"[0.0021617200691252947, 0.0001895501627586782, 0.9999388456344604, 0.00012829377374146134]"
338,"[0.0002183049073209986, 0.0005192546523176134, 0.0005155208637006581, 0.9998577833175659]"
190,"[9.39956444199197e-05, 0.9999258518218994, 0.0003550430992618203, 0.00035176691017113626]"
438,"[0.00019489915575832129, 0.00043459009611979127, 0.0006075652199797332, 0.9998416900634766]"
9,"[0.9999099969863892, 0.0004523910756688565, 0.0001390944089507684, 0.00011614815593929961]"
45,"[0.0001936875778483227, 0.0004621610278263688, 0.0005386885604821146, 0.9998350143432617]"
450,"[0.0001626548037165776, 0.001085019437596202, 0.0003663759271148592, 0.9998785257339478]"
286,"[0.00015174162399489433, 0.0004077445191796869, 0.9999138116836548, 0.001676648505963385]"
509,"[0.999900221824646, 0.00020679875160567462, 0.00037971112760715187, 0.00011202484893146902]"
30,"[0.00015132607950363308, 0.0008114749216474593, 0.00044308201177045703, 0.9998549222946167]"
319,"[0.00041748746298253536, 0.00026434214669279754, 0.9998809099197388, 0.00022998095664661378]"
155,"[0.00015661903307773173, 0.0012860512360930443, 0.0003161320637445897, 0.9998807907104492]"
50,"[0.9993534684181213, 0.0008025140268728137, 6.851446960354224e-05, 0.9793717265129089]"
84,"[0.9948369264602661, 0.0010696108220145106, 0.00012030431389575824, 0.9999653100967407]"
350,"[0.00015984728815965354, 0.0006342107080854475, 0.0005271155387163162, 0.9998428821563721]"
487,"[8.739425538806245e-05, 0.9999240636825562, 0.00037861516466364264, 0.00035150127951055765]"
494,"[0.0002628941729199141, 0.000568667717743665, 0.9999125003814697, 0.00020679045701399446]"
10,"[0.0002116704999934882, 0.0005641101743094623, 0.00046034777187742293, 0.9998564720153809]"
220,"[9.472601232118905e-05, 0.9999322891235352, 0.00039079011185094714, 0.0003568046086002141]"
446,"[0.00010763062164187431, 0.0651564970612526, 0.9999712705612183, 5.0181806727778167e-05]"
337,"[0.0001635573134990409, 0.0010624728165566921, 0.00035781817859970033, 0.9998689889907837]"
88,"[0.00045084411976858974, 0.0003363845171406865, 0.0004185093566775322, 0.9998931884765625]"
211,"[8.894902566680685e-05, 0.9999299049377441, 0.0003798524849116802, 0.0003816302923951298]"
18,"[0.00018095507402904332, 0.00043980369810014963, 0.0006107782828621566, 0.9998243451118469]"
116,"[0.9998617172241211, 0.00019283147412352264, 0.00020949621102772653, 0.00013391237007454038]"
206,"[2.7866693926625885e-05, 0.9999706745147705, 0.004770072177052498, 0.0061994437128305435]"
517,"[0.00040235594497062266, 0.0002970431523863226, 0.9998853206634521, 0.00021301445667631924]"
40,"[9.216317994287238e-05, 0.9999308586120605, 0.0003871713124681264, 0.00036407739389687777]"
227,"[0.999788224697113, 0.0001262215810129419, 0.9400075674057007, 4.135042036068626e-05]"
461,"[0.9997687935829163, 0.002201523631811142, 0.00010673193901311606, 0.9994173049926758]"
136,"[0.00019449408864602447, 0.0005200342275202274, 0.0005014256457798183, 0.9998486042022705]"
272,"[7.956739864312112e-05, 0.02363228239119053, 0.00012046974006807432, 0.9999003410339355]"
140,"[0.00037532285205088556, 0.9999737739562988, 0.00018365441064815968, 0.006234466563910246]"
483,"[9.52718110056594e-05, 0.9999232292175293, 0.0003819718840532005, 0.00030722416704520583]"
501,"[0.00039471444324590266, 0.00026305794017389417, 0.9998750686645508, 0.0002376241609454155]"
365,"[0.00011162977170897648, 0.999955415725708, 0.00033786185667850077, 0.0007106060511432588]"
408,"[6.452079833252355e-05, 0.9999561309814453, 0.0032022518571466208, 0.0002568210184108466]"
6,"[0.0001674471131991595, 0.0030287664849311113, 0.0002064882282866165, 0.9999078512191772]"
360,"[0.9998843669891357, 0.00018499665020499378, 0.00019614263146650046, 0.00016339815920218825]"
534,"[0.0003981654590461403, 0.0002634374250192195, 0.9998772144317627, 0.000238102933508344]"
358,"[0.00010105493856826797, 0.8718710541725159, 9.127683006227016e-05, 0.9998544454574585]"
312,"[0.00034419840085320175, 0.00025957688922062516, 0.9998694658279419, 0.0002740640193223953]"
410,"[0.0032433944288641214, 0.00024497046251781285, 0.9999595880508423, 0.00010627025767462328]"
431,"[0.0003716422070283443, 0.00027868966571986675, 0.9998772144317627, 0.00024008940090425313]"
148,"[0.0001329837105004117, 0.0029186264146119356, 0.00021002101129852235, 0.9998844861984253]"
196,"[8.353896555490792e-05, 0.9999293088912964, 0.00038070735172368586, 0.000415089976741001]"
182,"[9.628257248550653e-05, 0.9999343156814575, 0.0003804740263149142, 0.0003761642728932202]"
149,"[0.00017035528435371816, 0.0010795868001878262, 0.0004187613376416266, 0.9998939037322998]"
243,"[0.9998960494995117, 0.0007712002843618393, 0.00011064240243285894, 8.888135926099494e-05]"
233,"[0.9998842477798462, 0.00018608376558404416, 0.00038901009247638285, 0.000108633357740473]"
364,"[0.9998794794082642, 0.0001961280358955264, 0.00020882772514596581, 0.00014456019562203437]"
303,"[0.00029836950125172734, 0.0002527357719372958, 0.9998661279678345, 0.00033332675229758024]"
336,"[0.0004078323836438358, 0.00031894835410639644, 0.9998894929885864, 0.00019829215307254344]"
460,"[0.9998760223388672, 0.0001975354243768379, 0.00022131335572339594, 0.00013470795238390565]"
471,"[0.00026066217105835676, 0.0012194749433547258, 0.00038640969432890415, 0.9999382495880127]"
474,"[0.9998550415039062, 0.0001996335486182943, 0.00019548634008970112, 0.00012550530664157122]"
255,"[0.00041288076317869127, 0.00031184990075416863, 0.9998915195465088, 0.00020436539489310235]"
238,"[0.9998536109924316, 0.00021902419393882155, 0.0002604090259410441, 0.00010773349640658125]"
199,"[9.306851279688999e-05, 0.9999364614486694, 0.000442096235929057, 0.00036134797846898437]"
32,"[0.00011253728007432073, 0.9952524900436401, 3.645548349595629e-05, 0.994756817817688]"
21,"[0.00014725529763381928, 0.9917830228805542, 4.4026499381288886e-05, 0.9979555606842041]"
334,"[3.747571099665947e-05, 0.0006839105044491589, 0.04152321442961693, 0.9998635053634644]"
299,"[0.9990635514259338, 0.002642590319737792, 0.00015065471234265715, 0.999882698059082]"
321,"[9.201214561471716e-05, 0.001238018274307251, 0.002889883005991578, 0.9999382495880127]"
100,"[0.9998846054077148, 0.0001793785922927782, 0.00020341068739071488, 0.00017191460938192904]"
90,"[0.9998745918273926, 0.00019819044973701239, 0.0002368727291468531, 0.00012313939805608243]"
298,"[0.9999024868011475, 0.00016469016554765403, 0.00019163657270837575, 0.00028087562532164156]"
210,"[9.276043419959024e-05, 0.999927282333374, 0.000384598650271073, 0.00033616283326409757]"
418,"[0.0001660375128267333, 0.9995695948600769, 0.9985787868499756, 6.14498057984747e-05]"
352,"[0.00013437119196169078, 0.0037307206075638533, 0.0002910224720835686, 0.9999237060546875]"
296,"[0.9999856948852539, 0.0001933910243678838, 9.18622245080769e-05, 0.18606801331043243]"
215,"[0.9998652935028076, 0.00020942671108059585, 0.00021252936858218163, 0.00011984471348114312]"
119,"[4.931967851007357e-05, 0.6308514475822449, 0.9999485015869141, 4.689363413490355e-05]"
397,"[9.790885087568313e-05, 0.9999285936355591, 0.0004111212329007685, 0.00030417685047723353]"
427,"[0.00020484237757045776, 0.9999510049819946, 0.00019190885359421372, 0.0010187284788116813]"
174,"[9.502311877440661e-05, 0.9999315738677979, 0.00038951492751948535, 0.0003514567215461284]"
120,"[7.707125041633844e-05, 0.9999808073043823, 0.03328763693571091, 0.0003077416040468961]"
128,"[0.0002503833966329694, 0.9999592304229736, 0.00012383118155412376, 0.028582235798239708]"
277,"[0.00046258969814516604, 0.00039113895036280155, 0.0004311554948799312, 0.9999125003814697]"
147,"[0.0001939818321261555, 0.000566664501093328, 0.000501008820720017, 0.9998617172241211]"
193,"[9.391867206431925e-05, 0.9999268054962158, 0.00038196059176698327, 0.0003313288325443864]"
59,"[0.0001123112888308242, 0.9999334812164307, 0.00033900802372954786, 0.0003747004084289074]"
181,"[9.639041672926396e-05, 0.9999431371688843, 0.0003205710672773421, 0.0005780499195680022]"
184,"[0.00020803259394597262, 0.9999569654464722, 0.0003130790137220174, 0.0003350417537149042]"
111,"[0.0002936901873908937, 0.0004222028946969658, 0.9998942613601685, 0.0002143483143299818]"
443,"[0.9999409914016724, 0.003953281324356794, 5.467038863571361e-05, 0.9864938259124756]"
452,"[0.0001992936886381358, 0.9999526739120483, 0.0001100698282243684, 0.07579728215932846]"
121,"[0.00018755404744297266, 0.0005192937096580863, 0.0005089367041364312, 0.9998430013656616]"
169,"[0.0005280846380628645, 0.001691888552159071, 0.00016052070714067668, 0.9999473094940186]"
378,"[0.00024777467478998005, 0.000654095783829689, 0.0003703128022607416, 0.9998805522918701]"
511,"[0.0004027996037621051, 0.00036350704613141716, 0.9998980760574341, 0.00018372063641436398]"
83,"[0.00017412925080861896, 0.0008435240015387535, 0.0003762702108360827, 0.9998624324798584]"
86,"[0.0003878203860949725, 0.0004371895338408649, 0.0003729283926077187, 0.999894380569458]"
267,"[0.00036692488356493413, 0.00027227815007790923, 0.9998742341995239, 0.0002460228279232979]"
367,"[0.0004684503946918994, 0.9999675750732422, 0.00023242496536113322, 0.001064526615664363]"
300,"[0.9998836517333984, 0.00018317470676265657, 0.00021592306438833475, 0.00015384642756544054]"
160,"[0.0032708412036299706, 0.00028552336152642965, 0.0002186283963965252, 0.9999653100967407]"
0,"[0.9999414682388306, 0.00020464305998757482, 0.0001164076165878214, 0.0007115930202417076]"
107,"[0.00036154076224192977, 0.0002812751627061516, 0.9998749494552612, 0.00024084049800876528]"
467,"[0.00032399260089732707, 0.00036641204496845603, 0.0004640909028239548, 0.9998685121536255]"
44,"[0.000283860630588606, 0.00046761432895436883, 0.00042069071787409484, 0.9998716115951538]"
224,"[0.9998428821563721, 0.00020086603763047606, 0.00018607330275699496, 0.00012628562399186194]"
33,"[0.00016309836064465344, 0.0010598761728033423, 0.00045455832150764763, 0.9998925924301147]"
349,"[0.00020199266145937145, 0.00047802948392927647, 0.0005599753349088132, 0.9998518228530884]"
377,"[0.00016947391850408167, 0.00047704216558486223, 0.0005550805944949389, 0.9998113512992859]"
306,"[0.9998764991760254, 0.0001911693689180538, 0.00021207815734669566, 0.00014152249787002802]"
429,"[0.9995723366737366, 0.00013799751468468457, 0.9959889054298401, 6.101257895352319e-05]"
62,"[0.0002261735062347725, 0.00032566863228566945, 0.0008077225647866726, 0.9998494386672974]"
423,"[2.3072379917721264e-05, 0.9998971223831177, 0.8173650503158569, 0.00018176142475567758]"
251,"[0.00039714231388643384, 0.0002642260224092752, 0.9998779296875, 0.00023861882800702006]"
252,"[0.0003799569676630199, 0.00026425873511470854, 0.9998753070831299, 0.0002471206826157868]"
8,"[0.0002629165246617049, 0.000648694986011833, 0.00036702820216305554, 0.9998884201049805]"
151,"[0.00018250073480885476, 0.0010747299529612064, 0.00029914340120740235, 0.9998735189437866]"
152,"[0.00015701334632467479, 0.001066835131496191, 0.00036989134969189763, 0.999874472618103]"
254,"[0.0003682536771520972, 0.00025368478964082897, 0.9998762607574463, 0.0002728274557739496]"
442,"[0.00016594032058492303, 0.00150097138248384, 0.0002840154920704663, 0.9998886585235596]"
430,"[0.9999591112136841, 0.0015867174370214343, 9.304277773480862e-05, 0.9893988370895386]"
357,"[0.00021558096341323107, 0.00044147088192403316, 0.0006925060297362506, 0.999870777130127]"
117,"[0.999873161315918, 0.00019339141726959497, 0.00023106586013454944, 0.00012954582052771002]"
331,"[6.325646245386451e-05, 0.7410551309585571, 0.999951958656311, 3.987965828855522e-05]"
106,"[0.00048243688070215285, 0.000222274728002958, 0.999907374382019, 0.0003415245155338198]"
85,"[0.9998780488967896, 0.0001780368766048923, 0.00022439903113991022, 0.00015073934628162533]"
523,"[0.6417440176010132, 0.0001609582977835089, 0.9999657869338989, 6.857565313111991e-05]"
179,"[0.00030174426501616836, 0.9999431371688843, 0.0006681443192064762, 0.0010630959877744317]"
348,"[0.00018342077964916825, 0.9999616146087646, 0.00040234156767837703, 0.00074294168734923]"
458,"[0.9999765157699585, 0.00021778557857032865, 5.9150530432816595e-05, 0.03695664927363396]"
55,"[0.994421660900116, 0.0002265483926748857, 0.9982750415802002, 6.422926526283845e-05]"
56,"[9.074994159163907e-05, 0.999935507774353, 0.00042477177339605987, 0.0003962744085583836]"
34,"[0.00020123485592193902, 0.00045432004844769835, 0.0005601888988167048, 0.9998455047607422]"
63,"[8.849267032928765e-05, 0.999930739402771, 0.00040761526906862855, 0.0003686549898702651]"
351,"[0.00014624347386416048, 0.0012321015819907188, 0.0003725421556737274, 0.999876856803894]"
475,"[0.00014698272570967674, 0.0004318500286899507, 0.0016494186129420996, 0.9998666048049927]"
197,"[7.868331158533692e-05, 0.9999560117721558, 0.0011823553359135985, 0.000503478804603219]"
268,"[0.0003965767100453377, 0.00029351748526096344, 0.999883770942688, 0.00021977644064463675]"
530,"[0.0003738458617590368, 0.0004265915777068585, 0.9998992681503296, 0.00016681605484336615]"
11,"[0.00010383797052782029, 0.999947190284729, 0.0003079106390941888, 0.0006196537869982421]"
142,"[0.0001948499120771885, 0.0006605875096283853, 0.00044656559475697577, 0.9998695850372314]"
347,"[1.3242561180959456e-05, 0.00028173575992695987, 0.9982597231864929, 0.5544755458831787]"
356,"[0.0001429956464562565, 0.001147319097071886, 0.0003484284970909357, 0.9998605251312256]"
89,"[0.999943733215332, 0.00016064336523413658, 0.0001523062528576702, 0.0006235128385014832]"
404,"[9.924316691467538e-05, 0.010704811662435532, 0.0001617165544303134, 0.9998730421066284]"
218,"[0.9998722076416016, 0.0002085314627038315, 0.00024108887009788305, 0.00011674130655592307]"
180,"[0.9999215602874756, 0.8073230385780334, 3.229072171961889e-05, 4.958229692419991e-05]"
379,"[0.0004263967857696116, 0.00039920187555253506, 0.00041502449312247336, 0.9999020099639893]"
131,"[0.00012721153325401247, 0.006560049019753933, 0.00015299384540412575, 0.9999111890792847]"
275,"[0.0001621028350200504, 0.000685954699292779, 0.00044474779861047864, 0.9998390674591064]"
535,"[0.00040978382457979023, 0.00025845179334282875, 0.9998781681060791, 0.0002376833144808188]"
231,"[0.00038469492574222386, 0.00029005215037614107, 0.9998769760131836, 0.00021866780298296362]"
419,"[0.0004509057616814971, 0.00029475329210981727, 0.999894380569458, 0.00020356512686703354]"
433,"[0.00018763936532195657, 0.0008178759599104524, 0.0003854827373288572, 0.9998701810836792]"
28,"[0.00020250774105079472, 0.0012718375073745847, 0.00032630166970193386, 0.9999032020568848]"
391,"[0.0001789443485904485, 0.0018521748716011643, 0.0004051396681461483, 0.9999221563339233]"
71,"[9.251741721527651e-05, 0.9999309778213501, 0.00038619726547040045, 0.00036277520121075213]"
1,"[0.9999165534973145, 0.00016642219270579517, 0.00018835531955119222, 0.00028739828849211335]"
529,"[0.00039371050661429763, 0.0003241341037210077, 0.999893307685852, 0.0002081792481476441]"
263,"[0.00016960113134700805, 0.00046097926679067314, 0.0006372962961904705, 0.9998262524604797]"
469,"[0.00010906059469562024, 0.9999352693557739, 0.00042040442349389195, 0.0003090420213993639]"
459,"[0.9998637437820435, 0.00022045518562663347, 0.00015718080976512283, 0.00014124518202152103]"
256,"[6.698516517644748e-05, 0.9934200644493103, 0.9997479319572449, 4.984113547834568e-05]"
354,"[0.0001470643182983622, 0.002292308257892728, 0.00022134250320959836, 0.9998883008956909]"
295,"[0.9999384880065918, 0.0002470780455041677, 0.00024537486024200916, 0.0002898696984630078]"
57,"[0.00030945922480896115, 0.00041172400233335793, 0.9999005794525146, 0.000219031295273453]"
73,"[9.612405119696632e-05, 0.999933123588562, 0.0004020463675260544, 0.00034610790316946805]"
521,"[0.0003876431146636605, 0.00027830543695017695, 0.9998778104782104, 0.0002291374112246558]"
212,"[0.9998708963394165, 0.00022730219643563032, 0.00018677845946513116, 0.00012126797810196877]"
375,"[0.00013188393495511264, 0.9999315738677979, 0.00036604373599402606, 0.00028068554820492864]"
92,"[0.002055312739685178, 0.001293813344091177, 0.00010946066322503611, 0.9999715089797974]"
237,"[4.8472826165379956e-05, 0.9998082518577576, 0.9850484728813171, 0.00010009377729147673]"
242,"[0.0002564376045484096, 0.9999384880065918, 0.9672076106071472, 5.8317065850133076e-05]"
47,"[0.000314230885123834, 0.9999847412109375, 0.00027121667517349124, 0.021860351786017418]"
495,"[0.999893307685852, 0.0002581023727543652, 0.00021745833510067314, 0.00011840346996905282]"
468,"[0.0002012882032431662, 0.04592251777648926, 0.00010658384417183697, 0.9999593496322632]"
482,"[0.9998986721038818, 0.00027589447563514113, 0.0001577486691530794, 0.0001565200655022636]"
519,"[0.9998800754547119, 0.00023017222702037543, 0.00018462729349266738, 0.00012953679834026843]"
315,"[0.00032708622165955603, 0.0002628668735269457, 0.9998729228973389, 0.0002937022363767028]"
497,"[0.0003560019249562174, 0.00026120300753973424, 0.9998712539672852, 0.00026401522336527705]"
77,"[9.787039016373456e-05, 0.9999345541000366, 0.0003698693180922419, 0.00037938746390864253]"
493,"[0.0004134844057261944, 0.00028013618430122733, 0.9998830556869507, 0.00021892086078878492]"
76,"[9.146887168753892e-05, 0.9999295473098755, 0.000389978988096118, 0.00035382408532314]"
265,"[0.00036380227538757026, 0.0002761734358500689, 0.9998776912689209, 0.0002498241956345737]"
513,"[0.9999480247497559, 0.0005088843172416091, 0.008101504296064377, 4.0388455090578645e-05]"
466,"[0.9899476170539856, 0.9779168367385864, 1.3416813999356236e-05, 0.9902917742729187]"
485,"[0.999921441078186, 0.0020393459126353264, 8.082052954705432e-05, 6.366967863868922e-05]"
270,"[0.00023655584664084017, 0.0008891386678442359, 0.00030470421188510954, 0.9998798370361328]"
317,"[0.0003846628242172301, 0.00025583271053619683, 0.9998736381530762, 0.00025152447051368654]"
185,"[9.294284245697781e-05, 0.9999262094497681, 0.0003608551633078605, 0.0003533137496560812]"
457,"[0.00015953103138599545, 0.000625609012786299, 0.0004980293451808393, 0.9998314380645752]"
222,"[9.038220014190301e-05, 0.9999305009841919, 0.0003884573234245181, 0.0003701809619087726]"
380,"[0.9999494552612305, 0.000762255338486284, 7.283155719051138e-05, 0.9836317300796509]"
407,"[9.416456305189058e-05, 0.999924898147583, 0.0003927836078219116, 0.00031554666929878294]"
208,"[0.00015455867105629295, 0.9999663829803467, 0.0002605764311738312, 0.0028617612551897764]"
507,"[0.9996541738510132, 0.00029452439048327506, 0.9951578974723816, 6.21507570031099e-05]"
330,"[0.00037774775410071015, 0.0002555674291215837, 0.9998728036880493, 0.00025637258659116924]"
310,"[0.0014575099339708686, 0.000635164906270802, 0.00018291255400981754, 0.9999605417251587]"
527,"[0.9998890161514282, 0.00021958623256068677, 0.0003975411527790129, 9.810800838749856e-05]"
67,"[0.017811045050621033, 0.0008319680346176028, 7.230093615362421e-05, 0.9999723434448242]"
533,"[0.00038698187563568354, 0.00025906460359692574, 0.9998750686645508, 0.0002477309899404645]"
283,"[0.00018092487880494446, 0.0004380150930956006, 0.0005586447659879923, 0.9998136162757874]"
